6.86,0.02,100.00
13.72,1.19,100.00
20.58,1.19,100.00
27.44,1.20,100.00
34.30,1.41,100.00
41.16,1.41,100.00
48.02,1.41,100.00
54.88,1.41,100.00
8.46,0.01,50.00
8.56,0.01,33.33
8.58,0.01,20.00
8.58,0.01,20.00
17.15,0.30,20.00
25.73,0.33,20.00
8.94,0.02,16.67
17.88,0.02,16.67
26.82,0.02,16.67
35.75,0.03,16.67
44.69,0.05,16.67
9.06,0.01,14.29
18.12,0.01,14.29
27.18,0.03,14.29
36.23,0.03,14.29
9.09,0.08,11.11
18.18,0.08,11.11
9.11,0.08,11.11
27.27,0.22,11.11
61.74,3.58,11.11
68.60,3.58,11.11
75.46,3.59,11.11
82.32,3.80,11.11
89.18,3.81,11.11
10.93,0.01,10.00
21.86,0.28,10.00
32.79,0.29,10.00
53.63,2.34,10.00
62.57,2.34,10.00
71.51,2.34,10.00
80.45,2.36,10.00
11.39,0.01,9.09
22.78,0.01,9.09
34.17,0.02,9.09
45.56,0.02,9.09
36.36,2.33,9.09
45.45,2.45,9.09
18.21,5.26,9.09
17.16,5.79,9.09
17.11,5.81,9.09
16.93,5.91,9.09
25.73,5.80,9.09
25.67,5.82,9.09
25.39,5.91,9.09
27.32,5.34,9.09
96.04,7.67,9.09
102.90,7.67,9.09
109.76,7.67,9.09
116.62,7.91,9.09
123.48,7.91,9.09
130.34,7.91,9.09
64.42,4.08,15.38
14.82,0.01,7.69
75.15,4.09,15.38
14.91,0.01,7.14
15.02,0.01,6.67
85.94,4.47,12.50
96.69,4.48,11.76
15.22,0.01,5.88
107.43,4.60,11.76
118.17,4.61,11.76
89.39,6.47,5.88
98.32,6.47,5.88
107.26,6.47,5.88
116.20,6.50,5.88
15.52,0.01,5.56
31.04,0.01,5.56
46.57,0.01,5.56
62.09,0.01,5.56
54.54,6.45,5.56
63.64,6.56,5.56
137.20,9.60,5.56
144.06,9.60,5.56
150.92,9.60,5.56
157.78,9.86,5.56
164.64,9.86,5.56
171.50,9.86,5.56
16.80,0.02,5.26
17.76,0.01,5.00
35.52,0.08,5.00
53.28,0.09,5.00
125.14,8.97,5.00
134.08,8.97,5.00
143.02,8.98,5.00
151.96,9.00,5.00
17.98,0.01,4.76
35.97,0.01,4.76
53.95,0.01,4.76
71.93,0.02,4.76
72.73,8.91,4.76
81.82,9.03,4.76
33.60,1.36,4.76
18.16,0.02,4.55
36.32,0.02,4.55
50.40,1.40,4.55
67.20,1.40,4.55
84.00,1.40,4.55
54.47,0.07,4.55
72.63,0.07,4.55
90.79,0.07,4.55
100.80,1.43,4.55
85.89,9.10,9.09
29.64,5.03,4.55
96.62,9.15,9.09
44.45,5.08,4.55
30.44,5.15,4.55
30.04,5.35,4.55
29.82,5.46,4.55
45.06,5.35,4.55
44.73,5.47,4.55
45.66,5.16,4.55
178.36,14.80,4.55
185.22,14.80,4.55
192.08,14.81,4.55
198.94,15.03,4.55
205.80,15.03,4.55
212.66,15.03,4.55
219.52,15.03,4.55
22.06,0.01,4.35
133.30,7.33,8.33
148.11,7.34,8.33
118.17,11.42,8.00
128.92,11.42,7.69
22.16,0.03,3.85
139.66,11.71,7.69
150.40,11.72,7.69
160.89,13.57,3.85
169.83,13.57,3.85
178.77,13.57,3.85
187.71,13.60,3.85
226.38,17.29,3.85
233.24,17.29,3.85
240.10,17.29,3.85
246.96,17.57,3.85
253.82,17.57,3.85
260.68,17.58,3.85
267.54,17.67,3.85
274.40,17.67,3.85
281.26,17.67,3.70
24.53,0.01,3.70
288.12,17.68,3.70
294.98,17.69,3.70
301.84,17.69,3.70
308.70,17.69,3.70
315.56,17.70,3.70
322.42,17.70,3.70
109.74,2.93,7.14
131.69,2.94,7.14
153.64,3.15,7.14
175.59,3.17,7.14
196.65,16.23,3.57
205.59,16.23,3.57
214.53,16.23,3.57
223.46,16.25,3.57
25.28,0.01,3.45
50.55,0.01,3.45
75.83,0.01,3.45
101.10,0.01,3.45
90.91,16.21,3.45
100.00,16.33,3.45
329.28,20.82,3.45
336.14,20.82,3.45
343.00,20.83,3.45
349.86,21.09,3.45
356.72,21.10,3.45
363.58,21.10,3.45
370.44,21.10,3.45
44.33,5.80,3.45
162.93,13.15,6.90
44.12,5.90,3.45
177.74,13.16,6.90
66.18,5.91,3.45
66.49,5.81,3.45
28.13,0.01,3.33
108.95,10.07,3.23
117.60,11.43,3.23
28.21,0.02,3.03
28.23,0.01,3.03
28.23,0.01,3.03
56.46,0.23,3.03
84.69,0.24,3.03
232.40,19.58,3.03
241.34,19.58,3.03
250.28,19.59,3.03
259.22,19.61,3.03
28.62,0.00,2.94
57.24,0.01,2.94
85.85,0.01,2.94
114.47,0.01,2.94
109.09,19.55,2.94
118.18,19.67,2.94
49.05,5.44,2.94
73.58,5.44,2.94
56.42,5.76,2.94
56.25,5.84,2.94
56.46,5.74,2.94
84.63,5.76,2.94
84.38,5.85,2.94
84.69,5.74,2.94
34.61,0.01,2.86
69.22,0.01,2.86
103.83,0.01,2.86
138.45,0.05,2.86
173.06,0.05,2.86
17.90,25.73,4.88
34.68,0.01,2.44
34.68,0.01,2.44
34.68,0.01,2.44
34.68,0.01,2.44
34.68,0.01,2.44
26.85,25.74,4.88
207.67,0.09,2.44
242.28,0.09,2.44
276.89,0.12,2.44
311.50,0.13,2.44
346.11,0.13,2.33
380.72,0.13,2.33
415.34,0.13,2.33
34.74,0.01,2.33
34.74,0.01,2.33
34.82,0.01,2.27
34.87,0.01,2.17
34.87,0.01,2.17
34.69,0.47,4.26
69.37,0.48,4.17
35.16,0.01,2.08
35.16,0.01,2.04
35.60,0.01,2.00
71.19,0.01,2.00
106.79,0.02,2.00
142.38,0.04,2.00
34.63,1.06,3.92
69.26,1.07,3.92
103.89,1.21,3.92
449.95,1.24,1.96
484.56,1.24,1.96
519.17,1.27,1.96
138.52,1.25,3.92
173.15,1.26,3.92
17.13,27.66,3.85
25.69,27.68,3.85
34.25,27.68,3.85
42.82,27.68,3.85
51.38,27.72,3.85
36.58,0.01,1.89
73.16,0.01,1.89
109.74,0.01,1.89
146.32,0.01,1.89
182.91,0.01,1.89
219.49,0.01,1.89
256.07,0.01,1.89
292.65,0.01,1.89
329.23,0.03,1.89
365.81,0.07,1.89
36.68,0.01,1.85
73.37,0.01,1.85
146.74,0.04,1.85
183.42,0.04,1.85
36.97,0.01,1.82
73.93,0.01,1.82
110.90,0.02,1.79
36.98,0.01,1.79
73.96,0.01,1.79
110.94,0.02,1.79
37.01,0.19,1.72
74.02,0.19,1.72
402.39,0.63,1.72
438.97,0.63,1.72
553.78,2.60,1.72
588.39,2.60,1.72
111.03,0.22,1.72
475.55,0.65,1.72
512.14,0.66,1.72
623.00,2.66,1.72
657.61,2.67,1.72
692.23,2.67,1.72
726.84,2.68,1.72
36.68,0.61,3.39
761.45,2.69,1.69
796.06,2.69,1.69
73.36,0.63,3.39
110.04,0.63,3.39
830.67,2.72,1.69
865.28,2.72,1.69
899.89,2.72,1.69
934.50,2.72,1.69
969.12,2.72,1.69
146.72,0.65,3.39
37.14,0.19,1.69
148.04,0.40,1.69
185.05,0.41,1.69
377.30,31.10,1.69
127.10,20.11,1.69
134.40,21.46,1.69
38.31,0.01,1.67
76.62,0.01,1.67
114.93,0.02,1.67
153.24,0.03,1.67
268.16,29.61,1.67
136.36,29.68,1.67
1003.73,4.49,1.67
1038.34,4.49,1.67
1072.95,4.60,1.64
1107.56,4.61,1.64
1142.17,4.61,1.64
39.14,0.08,1.64
78.29,0.08,1.64
117.43,0.08,1.64
156.58,0.08,1.64
195.72,0.08,1.64
234.87,0.09,1.64
274.01,0.12,1.61
39.25,0.01,1.61
78.51,0.01,1.61
117.76,0.02,1.61
157.02,0.04,1.61
69.48,5.05,1.61
69.48,5.05,1.61
35.80,30.84,3.23
173.40,5.11,1.61
69.36,5.11,1.61
69.36,5.11,1.61
69.36,5.11,1.61
69.36,5.11,1.61
104.22,5.09,1.61
104.22,5.10,1.61
44.75,30.88,3.23
208.08,5.15,1.61
104.04,5.15,1.61
104.04,5.16,1.61
104.04,5.16,1.61
104.04,5.17,1.61
39.66,0.20,3.08
39.86,0.02,1.49
79.73,0.02,1.49
79.32,0.22,2.99
39.86,0.02,1.49
39.86,0.02,1.49
40.05,0.02,1.47
128.41,30.96,2.90
44.40,17.93,2.86
83.46,31.79,2.82
137.58,30.96,2.82
6.86,33.33,2.74
91.81,31.89,2.67
66.59,18.04,2.67
40.14,0.10,1.33
88.79,18.04,2.67
110.99,18.04,2.67
13.72,33.38,2.67
40.20,0.04,1.33
40.22,0.02,1.33
133.19,18.07,2.67
40.46,0.01,1.32
313.16,1.42,1.32
352.30,1.42,1.32
391.45,1.51,1.30
430.59,1.51,1.30
469.74,1.51,1.30
40.62,0.04,1.30
81.23,0.04,1.30
508.88,1.54,1.30
80.27,0.56,1.30
120.41,0.56,1.30
121.85,0.08,1.30
162.47,0.08,1.30
160.54,0.58,1.30
104.62,5.92,1.30
69.74,5.92,1.30
69.63,5.97,1.30
70.33,5.62,1.30
70.31,5.63,1.30
138.75,6.10,2.60
104.45,6.04,1.30
105.49,5.69,1.30
105.47,5.70,1.30
173.43,6.17,2.60
104.61,5.99,1.30
139.49,5.99,1.30
147.92,3.94,1.30
184.90,3.95,1.30
34.61,6.34,2.56
69.21,6.53,2.56
103.82,6.53,2.56
16.15,33.39,2.53
548.03,2.34,1.27
587.17,2.35,1.27
1176.78,6.88,1.27
1211.39,6.88,1.27
626.32,2.36,1.27
138.43,6.90,2.53
665.46,2.37,1.27
1246.01,6.95,1.27
1280.62,6.95,1.27
1315.23,6.95,1.27
1349.84,6.95,1.27
80.44,1.35,1.27
263.23,32.49,2.41
41.57,0.00,1.20
83.14,0.01,1.20
41.57,0.01,1.20
83.14,0.01,1.20
41.57,0.00,1.19
83.14,0.00,1.19
272.30,32.50,2.38
24.19,33.56,2.33
120.66,1.46,1.16
124.71,0.11,1.16
124.71,0.11,1.16
166.28,0.11,1.16
166.28,0.11,1.16
24.22,33.60,2.33
41.57,0.10,1.16
41.61,0.07,1.16
32.25,33.62,2.33
124.71,0.12,1.16
166.28,0.13,1.16
173.03,7.10,2.33
207.64,7.10,2.33
41.90,0.01,1.15
39.64,2.37,2.25
42.00,0.09,1.12
79.27,2.45,2.25
183.39,5.65,2.25
10.73,31.73,2.22
21.46,31.74,2.22
32.19,31.74,2.22
42.93,31.74,2.22
53.66,31.76,2.22
42.89,0.01,1.10
85.79,0.01,1.10
128.68,0.01,1.10
171.58,0.01,1.10
214.47,0.01,1.10
257.36,0.01,1.10
300.26,0.03,1.10
343.15,0.05,1.09
8.06,34.89,2.15
42.94,0.02,1.06
16.11,34.91,2.13
85.89,0.02,1.06
42.96,0.01,1.05
128.83,0.02,1.05
85.92,0.01,1.05
42.97,0.01,1.05
171.77,0.05,1.05
128.88,0.09,1.05
171.84,0.09,1.05
221.89,6.27,1.05
258.87,6.28,1.05
386.05,0.37,1.05
428.94,0.37,1.05
1384.45,8.66,1.05
1419.06,8.66,1.05
471.83,0.40,1.05
32.29,35.22,2.11
1453.67,8.73,1.05
1488.29,8.73,1.05
1522.90,8.73,1.05
277.10,34.85,1.05
286.03,34.86,1.05
40.37,35.94,2.11
24.17,35.99,2.11
32.22,35.99,2.11
40.28,36.02,2.11
514.73,1.56,1.05
557.62,1.56,1.05
600.51,1.57,1.05
643.41,1.57,1.05
686.30,1.57,1.05
729.20,1.59,1.05
772.09,1.62,1.05
44.53,0.01,1.04
89.06,0.01,1.04
133.58,0.02,1.04
85.93,1.58,1.04
178.11,0.04,1.04
128.90,1.71,1.04
171.87,1.71,1.04
214.84,1.71,1.04
814.98,1.87,1.04
857.88,1.87,1.04
1557.51,10.16,1.04
1592.12,10.16,1.04
900.77,1.89,1.04
48.44,36.74,2.08
89.92,27.01,2.06
107.90,27.02,2.06
34.62,10.85,2.04
1626.73,10.94,1.02
125.89,27.57,2.00
1661.34,10.94,1.00
143.87,27.57,2.00
56.52,37.50,2.00
161.85,27.60,2.00
179.84,27.60,2.00
197.82,27.61,2.00
215.80,27.62,2.00
233.79,27.62,2.00
251.77,27.63,2.00
269.75,27.64,2.00
69.23,11.04,2.00
45.55,0.19,1.00
45.55,0.19,1.00
80.10,5.74,1.00
79.73,5.93,1.00
119.59,5.93,1.00
118.98,6.13,2.00
79.73,5.93,1.00
79.73,5.93,1.00
80.40,5.59,1.00
20.58,38.93,2.00
80.91,5.33,1.00
108.50,37.44,2.00
146.75,36.62,2.00
119.59,5.93,1.00
199.32,5.93,1.00
158.64,6.14,2.00
119.59,5.93,1.00
119.59,5.93,1.00
120.60,5.60,1.00
27.44,38.94,2.00
116.84,37.45,2.00
155.92,36.63,2.00
121.37,5.34,1.00
120.16,5.75,1.00
39.64,6.17,1.96
45.80,0.01,0.98
79.28,6.17,1.96
207.78,11.25,1.96
10.73,35.15,1.94
21.46,35.16,1.94
46.36,0.02,0.96
92.72,0.02,0.96
139.08,0.02,0.96
185.45,0.04,0.96
160.88,6.25,0.96
201.10,6.26,0.96
241.32,6.26,0.96
64.59,38.54,1.92
72.66,38.54,1.92
140.66,11.56,1.90
175.82,11.56,1.90
40.31,38.73,1.90
124.84,5.18,0.95
83.15,5.22,0.95
281.38,37.71,1.90
48.38,38.73,1.90
166.46,5.18,0.95
124.72,5.22,0.95
290.46,37.72,1.90
943.67,3.93,0.95
986.56,3.93,0.95
1029.45,3.93,0.95
1072.35,3.93,0.95
1115.24,3.96,0.95
46.88,0.01,0.94
93.75,0.01,0.94
140.63,0.02,0.94
46.89,0.01,0.93
93.78,0.01,0.93
187.50,0.03,0.93
140.68,0.06,0.93
187.57,0.06,0.93
147.87,10.03,0.93
1158.14,4.28,0.93
1201.03,4.29,0.93
287.74,29.20,1.87
305.72,29.20,1.87
1243.92,4.31,0.93
103.85,12.59,1.87
323.71,29.25,1.87
341.69,29.25,1.87
359.67,29.25,1.87
377.66,29.26,1.87
395.64,29.26,1.87
413.62,29.28,1.87
431.61,29.28,1.87
34.60,12.69,1.83
47.29,0.01,0.92
69.21,12.70,1.83
84.00,5.79,0.92
83.80,5.89,0.92
118.91,8.16,1.83
125.70,5.89,0.92
126.00,5.80,0.92
158.54,8.17,1.83
384.16,41.13,0.92
48.05,0.01,0.91
96.11,0.01,0.91
144.16,0.02,0.91
192.21,0.03,0.91
145.26,30.15,0.91
151.20,31.54,0.91
48.43,0.01,0.90
96.86,0.01,0.90
145.30,0.02,0.90
193.73,0.03,0.90
281.54,8.31,0.90
207.85,6.96,0.90
207.84,6.96,0.90
207.85,6.96,0.90
167.61,6.63,1.77
48.53,0.01,0.88
97.06,0.01,0.88
209.51,6.64,1.77
251.41,6.64,1.77
249.42,6.97,0.88
290.99,6.98,0.88
321.76,8.33,0.88
332.56,6.98,0.88
361.98,8.33,0.88
402.20,8.34,0.88
249.41,6.99,0.88
290.98,6.99,0.88
249.42,7.00,0.88
290.99,7.01,0.88
145.59,0.05,0.88
374.13,7.01,0.88
293.31,6.68,1.77
332.55,7.01,0.88
194.13,0.05,0.88
335.21,6.68,1.77
415.70,7.01,0.88
138.47,14.19,1.77
1286.82,5.98,0.88
1329.71,5.98,0.88
1372.61,5.98,0.88
1415.50,5.98,0.88
1458.39,5.98,0.88
1501.29,5.98,0.88
190.91,39.80,0.88
200.00,39.80,1.75
209.09,39.81,1.75
218.18,39.81,1.75
227.27,39.81,1.75
449.59,30.92,1.75
1544.18,6.01,0.88
467.57,30.92,1.75
236.36,39.83,1.75
1587.08,6.04,0.88
1629.97,6.04,0.88
485.56,30.99,1.75
503.54,30.99,1.75
521.53,31.00,1.75
539.51,31.00,1.75
557.49,31.01,1.75
575.48,31.02,1.75
49.13,0.03,0.87
234.46,2.35,1.72
281.35,2.36,1.71
49.25,0.01,0.85
49.90,0.01,0.85
99.79,0.01,0.85
149.69,0.02,0.85
199.58,0.03,0.85
245.45,41.28,1.69
254.54,41.28,1.69
263.63,41.28,1.69
272.72,41.28,1.69
281.81,41.30,1.69
60.88,35.17,1.68
76.11,35.18,1.68
91.33,35.18,1.68
290.90,41.33,1.68
106.55,35.25,1.68
121.77,35.25,1.68
50.48,0.01,0.83
100.96,0.01,0.83
151.43,0.02,0.83
201.91,0.04,0.83
91.10,5.24,0.83
295.85,13.85,0.83
332.83,13.86,0.83
300.00,41.75,1.67
309.09,41.76,1.67
173.08,16.26,1.67
318.18,41.80,1.67
136.64,5.44,0.83
51.67,0.02,0.83
103.34,0.02,0.83
155.02,0.02,0.83
206.69,0.04,0.83
210.99,16.63,1.65
32.20,41.06,1.65
118.92,12.15,1.65
91.61,5.99,0.83
246.15,16.63,1.65
158.56,12.16,1.65
137.41,6.00,0.83
42.93,41.07,1.65
51.88,0.01,0.82
69.49,17.19,1.63
138.98,17.21,1.63
173.73,17.21,1.63
208.47,17.21,1.63
347.46,17.23,1.63
94.58,5.50,0.81
103.81,18.19,1.63
327.27,43.72,1.63
336.36,43.72,1.63
345.45,43.73,1.63
354.54,43.73,1.63
141.87,5.53,0.81
138.42,18.22,1.63
363.63,43.73,1.63
80.27,12.70,1.61
120.40,12.70,1.61
160.54,12.70,1.61
372.72,43.75,1.61
200.67,12.71,1.61
381.81,43.75,1.61
240.81,12.73,1.61
207.70,18.27,1.61
69.22,18.33,1.60
183.22,7.13,1.59
252.46,2.45,1.57
229.02,7.14,1.57
103.84,18.34,1.57
302.95,2.46,1.57
16.17,45.03,1.56
24.25,45.04,1.56
53.24,0.03,0.78
53.71,0.04,0.77
107.42,0.04,0.77
161.13,0.04,0.77
214.84,0.07,0.77
242.32,19.44,1.54
276.93,19.46,1.54
54.49,0.02,0.76
108.97,0.02,0.76
163.46,0.02,0.76
217.95,0.06,0.76
98.26,5.66,0.76
98.49,5.55,0.76
328.25,7.90,1.53
147.39,5.71,0.76
375.14,7.95,1.53
147.74,5.60,0.76
54.92,0.01,0.76
280.94,14.91,1.52
321.08,14.91,1.52
361.21,14.91,1.52
401.35,14.91,1.52
441.48,14.92,1.52
481.62,14.93,1.52
521.75,14.97,1.52
231.92,8.88,1.50
278.30,8.89,1.50
324.69,8.89,1.50
371.07,8.99,1.50
417.46,8.99,1.50
369.81,18.55,0.75
406.79,18.56,0.75
442.42,15.37,0.75
332.56,14.02,0.75
374.12,14.03,0.75
377.11,13.69,1.50
457.27,14.03,0.75
242.66,7.06,0.75
482.64,15.38,0.75
522.86,15.38,0.75
563.08,15.38,0.75
374.13,14.04,0.75
419.02,13.72,1.50
415.69,14.05,0.75
457.26,14.05,0.75
498.84,14.05,0.75
540.41,14.05,0.75
291.19,7.09,0.75
460.92,13.72,1.50
339.72,7.09,0.75
581.97,14.05,0.75
603.30,15.41,0.75
36.69,19.11,1.48
55.69,0.19,0.74
111.37,0.19,0.74
242.41,21.27,1.48
222.64,11.37,1.47
267.17,11.39,1.47
311.70,11.39,1.47
356.23,11.41,1.47
242.24,21.34,2.19
276.85,21.36,2.19
311.46,21.36,2.19
73.39,19.29,1.46
346.06,21.38,2.19
80.74,47.91,2.17
88.81,47.93,2.17
96.88,47.93,2.17
104.96,47.95,2.17
113.03,47.95,2.17
121.10,47.96,2.17
129.18,47.96,2.17
56.04,0.02,0.72
112.08,0.02,0.72
168.12,0.02,0.72
137.25,47.98,2.16
145.33,47.99,2.16
153.40,47.99,2.16
161.47,48.00,2.16
169.55,48.00,2.16
224.16,0.04,0.72
167.06,1.14,0.72
184.83,20.05,0.72
103.76,5.91,0.72
155.64,5.92,0.72
391.02,51.15,0.72
163.42,40.17,0.72
168.00,41.56,0.72
274.82,12.99,1.44
138.45,24.18,1.44
106.48,5.56,0.72
32.33,50.71,1.44
353.44,8.30,1.44
320.63,13.00,1.44
40.41,50.72,1.44
159.72,5.56,0.72
403.93,8.31,1.44
173.06,24.19,1.44
390.90,49.88,1.44
593.46,41.02,1.44
109.85,5.87,0.72
164.77,5.88,0.72
611.44,42.88,1.44
400.75,16.41,1.44
110.08,25.10,1.44
146.78,25.28,1.44
561.89,24.97,1.44
443.77,28.56,0.72
388.25,17.09,0.72
502.82,23.72,1.44
498.83,24.05,0.72
623.54,24.05,0.72
415.70,24.05,0.72
643.52,25.44,0.72
277.04,31.28,1.44
380.67,31.38,2.16
222.74,11.13,0.72
221.80,30.06,0.72
397.88,61.16,0.72
181.58,50.19,0.72
184.80,51.61,0.72
399.99,59.96,1.44
70.45,0.01,0.71
278.43,15.00,0.71
334.12,15.21,0.71
389.80,15.69,0.71
602.02,31.28,1.43
177.62,63.34,2.14
642.16,31.29,1.43
140.90,0.97,0.71
211.35,0.97,0.71
445.49,15.75,0.71
682.29,31.30,1.43
722.43,31.30,1.43
185.69,63.37,2.14
415.28,36.84,2.14
449.88,36.86,2.14
501.17,15.88,0.71
556.86,15.93,0.71
71.76,0.02,0.71
143.53,0.02,0.71
215.29,0.05,0.71
287.06,0.05,0.71
358.82,0.05,0.71
430.58,0.06,0.71
203.30,31.16,1.41
243.96,31.18,1.41
284.62,31.18,1.41
325.28,31.18,1.41
502.35,0.08,0.70
574.11,0.08,0.70
645.87,0.08,0.70
717.64,0.09,0.70
789.40,0.09,0.70
365.93,31.20,1.41
200.68,31.74,1.40
240.81,31.75,1.40
281.79,1.60,0.70
861.17,0.30,0.70
932.93,0.32,0.70
234.50,25.20,1.38
91.48,26.37,1.37
138.95,37.37,1.36
160.21,32.05,1.34
281.40,25.21,1.34
72.10,0.01,0.67
137.22,26.37,1.34
173.69,37.38,1.34
200.26,32.07,1.34
144.21,0.01,0.67
34.61,37.62,1.33
69.21,37.63,1.33
72.35,0.01,0.66
72.35,0.01,0.66
72.36,0.01,0.65
72.87,0.01,0.65
145.75,0.01,0.65
218.62,0.01,0.65
291.50,0.04,0.65
73.16,0.01,0.65
34.63,38.63,1.28
69.26,38.63,1.28
103.89,38.63,1.28
138.53,38.63,1.28
173.16,38.63,1.28
207.79,38.64,1.28
242.42,38.65,1.28
277.05,38.68,1.28
240.33,25.25,1.27
288.40,25.27,1.27
336.46,25.27,1.27
8.07,65.26,1.27
384.53,25.27,1.27
16.15,65.27,1.27
24.22,65.27,1.27
432.59,25.29,1.27
32.29,65.32,1.27
40.37,65.32,1.27
480.75,36.57,0.63
517.73,36.58,0.63
240.27,25.59,1.26
242.16,25.27,1.25
311.68,39.11,1.25
346.31,39.11,1.25
280.95,33.61,1.25
321.08,33.61,1.25
361.22,33.62,1.25
380.94,39.13,1.23
415.58,39.13,1.23
288.32,25.78,1.23
290.59,25.45,1.23
73.76,0.18,0.62
73.76,0.18,0.62
74.65,0.01,0.61
149.30,0.01,0.61
223.95,0.02,0.61
298.60,0.03,0.61
14.81,60.18,1.22
146.33,1.82,1.21
34.62,40.37,1.20
189.16,27.70,1.18
29.63,60.18,1.18
219.49,1.83,1.18
74.99,0.01,0.59
69.23,40.38,1.18
236.45,27.70,1.18
74.99,0.01,0.59
352.24,4.55,0.59
422.69,4.55,0.59
493.14,4.56,0.59
457.27,34.07,0.59
665.11,34.07,0.59
540.40,34.07,0.59
544.72,33.74,1.18
436.78,27.11,0.59
683.74,35.45,0.59
75.81,0.01,0.59
151.62,0.01,0.59
227.42,0.02,0.59
303.23,0.03,0.59
311.67,41.30,1.18
76.13,0.00,0.58
152.26,0.02,0.58
228.39,0.02,0.58
159.45,36.29,1.16
585.30,39.57,1.14
256.11,39.57,1.14
199.32,36.29,1.14
401.35,36.02,1.14
292.70,39.57,1.14
441.49,36.03,1.14
621.88,39.58,1.14
76.15,0.01,0.57
76.15,0.01,0.57
304.52,0.04,0.57
481.62,36.04,1.14
377.09,67.41,1.13
386.07,67.42,1.13
30.05,61.97,1.12
45.08,61.99,1.12
60.11,61.99,1.12
75.13,61.99,1.12
90.16,62.01,1.12
258.77,40.08,0.56
144.73,5.10,0.56
144.70,5.11,0.56
144.70,5.11,0.56
103.82,42.85,1.12
240.31,37.41,1.12
216.32,5.35,0.56
208.43,42.72,1.12
182.96,31.72,1.12
328.30,30.56,1.12
144.21,5.36,0.56
138.43,42.86,1.12
243.17,42.73,1.12
280.36,37.41,1.12
288.42,5.36,0.56
375.19,30.57,1.12
216.31,5.36,0.56
228.69,31.73,1.12
217.05,5.12,0.56
217.04,5.12,0.56
217.09,5.12,0.56
77.76,0.01,0.56
155.51,0.02,0.56
233.27,0.02,0.56
311.02,0.04,0.56
404.74,71.18,0.56
380.65,1.99,0.56
456.78,1.99,0.56
532.91,1.99,0.56
609.04,1.99,0.56
685.17,1.99,0.56
761.30,2.01,0.56
837.43,2.03,0.56
78.21,0.01,0.56
156.42,0.01,0.56
234.63,0.05,0.56
312.85,0.05,0.56
199.74,60.20,0.56
201.60,61.66,0.56
292.66,5.30,1.11
365.82,5.30,1.11
78.49,0.02,0.55
336.37,30.52,1.10
156.98,0.13,0.55
235.46,0.15,0.55
78.70,0.02,0.55
157.40,0.02,0.55
236.10,0.03,0.55
384.42,30.71,1.10
110.05,42.12,1.09
146.74,42.13,1.09
183.42,42.13,1.09
220.10,42.15,1.09
256.79,42.15,1.09
293.47,42.16,1.09
330.16,42.16,1.09
366.84,42.18,1.09
403.53,42.18,1.09
440.21,42.18,1.09
78.85,0.01,0.54
157.70,0.02,0.54
236.55,0.02,0.54
476.89,42.20,1.09
315.40,0.04,0.54
409.08,70.07,1.09
218.40,62.66,0.54
339.03,31.03,1.09
432.48,31.48,1.09
913.56,3.43,0.54
513.58,42.88,1.09
989.69,3.44,0.54
480.53,31.52,1.09
1065.82,3.45,0.54
550.26,42.90,1.09
1141.95,3.45,0.54
314.80,0.88,0.54
563.59,9.14,0.54
634.04,9.14,0.54
393.50,0.90,0.54
387.46,31.21,1.09
704.48,9.20,0.54
774.93,9.20,0.54
79.69,0.01,0.54
845.38,9.25,0.54
915.83,9.25,0.54
986.28,9.25,0.54
1056.73,9.25,0.54
1127.18,9.26,0.54
1197.62,9.26,0.54
528.58,31.67,1.08
576.64,31.71,1.08
79.84,0.01,0.54
159.67,0.01,0.54
239.51,0.03,0.54
107.36,69.25,1.60
118.10,69.26,1.60
128.83,69.51,1.60
438.98,7.30,1.07
44.44,65.65,1.07
103.85,45.84,1.07
149.98,5.47,0.53
283.75,33.17,1.07
149.98,5.47,0.53
512.15,7.30,1.07
59.25,65.65,1.07
224.97,5.48,0.53
224.97,5.48,0.53
331.04,33.17,1.07
139.57,69.73,1.60
138.47,45.85,1.07
80.48,0.01,0.53
80.48,0.01,0.53
80.69,0.01,0.53
161.52,0.01,0.52
242.28,0.01,0.52
323.03,0.02,0.52
80.78,0.01,0.52
161.38,0.10,0.52
646.07,0.03,0.52
242.07,0.11,0.52
8.06,72.77,1.04
79.83,1.00,1.03
16.11,72.78,1.03
159.65,1.01,1.03
80.96,0.01,0.51
346.30,46.35,1.03
1268.07,10.54,0.51
1338.52,10.54,0.51
1408.97,10.55,0.51
380.93,46.39,1.03
415.56,46.39,1.03
75.24,70.34,1.02
85.99,70.34,1.02
6.85,74.39,1.02
13.69,74.40,1.02
20.54,74.40,1.02
27.39,74.41,1.02
34.23,74.42,1.02
79.83,1.45,1.01
723.96,41.06,0.50
317.11,41.64,1.00
159.65,1.46,1.00
239.48,1.46,1.00
81.28,0.01,0.50
162.56,0.01,0.50
485.32,32.76,0.49
356.75,41.65,0.99
764.18,41.07,0.49
81.28,0.01,0.49
81.29,0.01,0.49
319.30,1.47,0.99
243.83,0.02,0.49
399.13,1.47,0.99
325.11,0.02,0.49
81.29,0.01,0.49
533.85,32.77,0.49
478.95,1.48,0.99
1479.42,10.88,0.49
561.89,41.19,0.99
76.17,5.16,0.98
104.63,46.45,0.97
602.03,41.19,0.97
1549.87,10.88,0.48
96.74,70.58,0.97
152.33,5.17,0.97
228.50,5.17,0.97
81.33,0.01,0.48
162.65,0.01,0.48
139.51,46.46,0.97
174.39,46.46,0.97
212.95,28.10,0.96
81.33,0.01,0.48
243.98,0.01,0.48
304.66,5.17,0.96
162.66,0.01,0.48
243.99,0.01,0.48
209.27,46.46,0.96
325.32,0.01,0.48
266.19,28.11,0.96
319.43,28.11,0.96
107.49,70.60,0.96
642.16,41.21,0.96
682.30,41.21,0.96
722.43,41.22,0.96
1620.31,10.90,0.48
1690.76,10.90,0.48
244.14,46.48,0.96
279.02,46.48,0.96
380.83,5.19,0.96
313.90,46.48,0.96
1761.21,10.91,0.48
456.99,5.19,0.96
325.31,0.03,0.48
372.67,28.12,0.96
533.16,5.19,0.96
406.65,0.04,0.48
487.98,0.04,0.48
609.33,5.21,0.96
762.57,41.26,0.96
1831.66,10.95,0.48
348.78,46.54,0.96
395.04,72.48,0.96
329.28,44.87,0.96
731.62,44.88,0.96
152.31,5.31,0.48
152.30,5.31,0.48
239.18,41.60,0.96
365.87,44.88,0.96
404.02,72.49,0.96
768.20,44.88,0.96
228.46,5.31,0.48
228.46,5.31,0.48
279.04,41.60,0.96
484.49,46.87,1.44
140.63,46.66,0.96
175.78,46.67,0.96
210.94,46.67,0.96
246.10,46.67,0.96
281.26,46.69,0.96
81.99,0.01,0.48
163.97,0.01,0.48
245.96,0.01,0.48
327.95,0.03,0.48
1902.11,11.62,0.48
1972.56,11.63,0.48
2043.00,11.68,0.48
2113.45,11.68,0.48
409.93,0.14,0.48
491.92,0.14,0.48
573.91,0.14,0.48
2183.90,11.69,0.48
655.89,0.15,0.48
737.88,0.15,0.48
819.87,0.15,0.48
901.85,0.15,0.48
2254.35,11.70,0.48
2324.80,11.70,0.48
983.84,0.16,0.48
1065.83,0.16,0.48
1147.81,0.16,0.48
2395.25,11.72,0.48
2465.70,11.72,0.48
1229.80,0.20,0.48
1672.86,39.33,0.94
406.39,0.95,0.47
82.23,0.01,0.47
1715.76,39.34,0.94
82.23,0.01,0.47
487.67,0.96,0.47
319.34,2.51,0.47
399.18,2.52,0.47
512.23,9.22,0.93
585.41,9.23,0.93
378.36,41.23,0.93
420.40,41.24,0.93
462.44,41.24,0.93
504.48,41.24,0.93
546.52,41.26,0.93
554.71,46.59,0.47
313.95,5.15,0.47
322.76,2.97,0.47
403.45,3.00,0.47
568.95,2.81,0.47
558.78,4.27,0.93
804.40,43.88,0.47
638.61,4.28,0.93
396.38,44.47,0.93
162.57,2.82,0.47
650.23,2.83,0.47
844.62,43.89,0.47
731.50,2.84,0.47
436.02,44.48,0.93
243.85,2.83,0.47
325.14,2.83,0.47
2536.14,13.69,0.47
569.30,2.81,0.47
802.70,44.00,0.93
761.66,7.97,0.93
837.82,7.97,0.93
913.99,7.98,0.93
990.15,7.98,0.93
842.84,44.01,0.93
650.63,2.81,0.47
2606.59,13.69,0.47
718.43,4.32,0.93
882.97,44.02,0.93
731.96,2.82,0.47
1066.32,7.99,0.93
2677.04,13.71,0.47
1142.49,8.03,0.93
84.28,0.01,0.46
80.96,3.40,0.92
161.92,3.41,0.92
242.88,3.41,0.92
323.83,3.42,0.92
404.79,3.44,0.92
84.66,0.01,0.46
169.31,0.01,0.46
253.97,0.02,0.46
338.63,0.04,0.46
59.66,69.78,0.91
74.57,69.79,0.91
89.49,69.79,0.91
104.40,69.83,0.91
119.31,69.83,0.91
134.23,69.83,0.91
1311.79,2.87,0.46
1393.77,2.87,0.46
1475.76,2.87,0.46
1557.75,2.88,0.46
1639.73,2.88,0.46
1721.72,2.88,0.46
1803.71,2.88,0.46
1885.69,2.88,0.46
1967.68,2.88,0.46
2049.67,2.88,0.46
2131.65,2.90,0.46
1218.65,8.73,1.36
2213.64,2.91,0.45
406.63,3.57,0.90
2295.63,2.92,0.45
1294.82,8.74,1.36
1370.98,8.74,1.36
629.43,66.95,1.35
1447.15,8.77,1.35
479.01,5.26,0.45
558.85,5.27,0.45
58.03,27.15,0.89
159.37,5.77,0.44
239.06,5.78,0.44
586.62,43.75,0.89
581.97,44.09,0.44
706.68,44.09,0.44
498.84,44.09,0.44
56.48,57.64,0.88
484.14,5.21,0.44
564.84,5.22,0.44
318.91,46.05,1.32
647.41,67.95,1.75
84.94,1.00,0.87
569.00,4.84,0.87
650.28,4.86,0.87
731.57,4.86,0.87
812.85,4.86,0.87
199.90,67.99,0.87
894.14,4.88,0.87
218.08,68.01,0.87
116.07,28.15,1.29
85.19,1.00,0.86
161.92,5.50,0.43
638.61,6.64,0.86
24.17,78.41,0.86
161.56,5.68,0.43
160.97,5.98,0.43
563.37,5.98,0.43
162.58,5.17,0.43
162.57,5.18,0.43
242.88,5.51,0.43
32.22,78.41,0.86
718.43,6.64,0.86
242.35,5.69,0.43
243.87,5.18,0.43
243.86,5.18,0.43
241.45,5.99,0.43
643.85,5.99,0.43
2747.49,16.14,0.43
2817.94,16.14,0.43
86.62,0.01,0.43
1599.48,10.49,1.28
1675.65,10.49,1.28
2888.39,16.21,0.43
2958.83,16.21,0.43
3029.28,16.21,0.43
1751.81,10.50,1.28
1827.98,10.50,1.28
1904.14,10.51,1.28
3099.73,16.23,0.43
1980.31,10.55,1.28
413.00,77.83,1.28
884.84,46.59,0.43
421.98,77.84,1.28
925.06,46.60,0.43
84.72,58.63,1.27
358.77,47.05,1.69
638.69,7.11,0.42
718.52,7.12,0.42
295.73,50.10,0.42
416.95,52.53,1.26
451.69,52.53,1.26
1758.65,44.57,0.84
164.46,5.24,0.42
658.58,14.29,0.84
164.45,5.24,0.42
421.86,3.10,0.84
1801.54,44.58,0.83
62.90,56.02,0.83
246.69,5.24,0.41
731.76,14.30,0.83
246.68,5.25,0.41
506.24,3.10,0.83
87.47,0.01,0.41
519.09,52.87,1.65
94.35,56.03,0.83
553.70,52.88,1.65
236.25,69.53,0.83
254.42,69.54,0.83
272.59,69.56,0.83
411.60,80.88,0.82
418.46,80.88,0.82
645.53,7.07,0.41
726.22,7.08,0.41
665.39,69.96,2.05
425.32,81.20,0.82
965.27,47.91,0.41
812.78,6.86,0.41
1005.49,47.92,0.41
798.26,8.32,0.82
894.06,6.87,0.41
1045.71,47.93,0.41
975.34,6.87,0.41
878.08,8.33,0.82
1085.93,47.94,0.41
174.10,30.15,1.63
3170.18,17.78,0.41
813.29,6.90,0.41
963.24,48.10,0.82
2361.14,12.07,1.22
2437.30,12.07,1.22
2513.47,12.07,1.22
1003.38,48.10,0.82
894.62,6.91,0.41
3240.63,17.79,0.41
591.70,51.26,0.41
1043.51,48.11,0.82
628.68,51.27,0.41
975.95,6.93,0.41
3311.08,17.81,0.41
3381.53,17.81,0.41
2589.63,12.10,1.22
217.89,70.22,0.41
88.61,0.02,0.41
177.22,0.02,0.41
265.83,0.02,0.41
354.45,0.04,0.41
1137.99,7.51,1.21
112.96,60.64,1.61
398.64,49.05,2.01
2665.80,12.82,1.20
2741.97,12.82,1.20
2818.13,12.82,1.20
2894.30,12.82,1.20
2970.46,12.83,1.20
3046.63,12.83,1.20
3122.79,12.83,1.20
3198.96,12.83,1.20
3275.13,12.83,1.20
3351.29,12.83,1.20
3427.46,12.85,1.20
3503.62,12.85,1.20
328.91,6.82,0.80
3579.79,12.89,1.20
133.53,80.71,1.19
32.81,78.12,0.79
418.18,80.18,0.79
104.24,54.55,0.79
105.89,36.36,0.78
168.55,5.19,0.39
252.83,5.20,0.39
138.98,54.74,0.78
173.73,54.74,0.78
235.20,72.70,0.39
472.21,10.90,0.39
208.47,54.94,0.78
1219.28,8.51,1.56
89.05,1.00,0.78
411.14,7.82,1.16
43.75,79.12,1.15
141.88,81.71,1.53
158.84,37.36,1.15
89.31,1.00,0.76
150.31,79.73,1.14
450.19,56.40,0.76
582.38,42.79,0.38
425.91,38.11,0.76
118.24,80.60,0.76
487.96,10.02,0.76
802.19,56.50,0.76
588.31,56.91,1.52
1300.56,10.51,1.89
683.38,73.96,2.26
432.18,85.12,0.75
439.04,85.12,0.75
445.90,85.13,0.75
178.09,3.00,1.13
493.36,9.83,1.50
54.69,81.12,1.49
150.23,83.71,1.86
290.17,34.17,2.22
211.79,39.36,1.48
452.76,85.45,0.74
459.62,85.45,0.74
178.61,3.00,1.10
466.48,85.45,0.74
473.34,85.45,0.74
480.20,85.50,0.74
487.06,85.50,0.74
493.92,85.51,0.74
173.23,5.85,0.37
475.85,83.49,1.10
521.18,57.72,1.10
259.85,5.86,0.37
484.83,83.50,1.10
555.93,57.73,1.10
500.78,85.67,0.74
507.64,85.76,0.74
514.50,85.76,0.74
609.22,16.47,0.73
521.36,85.76,0.73
685.38,16.48,0.73
761.53,16.48,0.73
837.68,16.48,0.73
913.83,16.48,0.73
528.22,85.78,0.73
535.08,85.78,0.73
989.99,16.49,0.73
541.94,85.78,0.73
1066.14,16.55,0.73
1142.29,16.55,0.73
8.08,84.77,0.73
16.16,84.77,0.73
24.25,84.77,0.73
32.33,84.80,0.73
141.19,64.65,1.82
438.50,53.06,2.17
92.92,0.01,0.36
185.84,0.01,0.36
278.76,0.01,0.36
371.69,0.01,0.36
464.61,0.03,0.36
557.53,0.04,0.36
93.03,0.01,0.36
186.05,0.01,0.36
279.08,0.01,0.36
372.11,0.01,0.36
427.27,83.98,0.72
436.36,84.10,0.72
548.80,86.61,0.72
125.80,62.02,0.72
174.94,6.00,0.36
590.61,9.10,0.72
622.91,58.86,1.44
262.41,6.01,0.36
674.98,9.10,0.72
555.66,86.61,0.72
657.52,58.87,1.44
157.25,62.03,0.72
837.06,58.99,0.72
569.29,12.55,0.72
562.52,87.09,0.72
569.38,87.09,0.72
576.24,87.10,0.72
475.66,54.50,0.72
406.42,12.85,0.36
583.10,87.31,0.72
589.96,87.31,0.72
378.33,47.51,1.08
650.45,1.95,0.36
743.37,1.95,0.36
836.29,1.95,0.36
929.22,1.97,0.36
161.58,14.27,0.71
596.82,88.59,0.71
603.68,88.59,0.71
610.54,88.59,0.71
617.40,88.81,0.71
624.26,88.81,0.71
631.12,88.81,0.71
637.98,88.81,0.71
540.41,54.10,0.36
748.25,54.10,0.36
665.10,54.10,0.71
628.52,53.77,0.71
1381.85,14.52,2.14
267.14,7.01,1.42
575.59,13.84,1.77
65.63,85.13,1.76
158.57,87.73,2.11
96.30,0.01,0.35
192.60,0.01,0.35
264.74,43.36,1.74
267.92,7.01,1.39
288.90,0.02,0.35
1022.14,3.44,0.35
1115.06,3.44,0.35
1207.98,3.45,0.35
1300.90,3.48,0.35
425.62,49.14,1.38
472.91,49.15,1.38
520.20,49.15,1.38
567.49,49.16,1.38
614.78,49.16,1.38
445.45,87.40,0.69
454.54,87.56,0.69
96.78,0.01,0.34
193.56,0.01,0.34
290.34,0.02,0.34
798.36,17.13,0.34
252.00,80.18,0.34
254.21,78.83,0.34
268.80,80.19,0.34
272.37,78.83,0.34
644.84,90.13,0.69
651.70,90.13,0.69
658.56,90.13,0.69
290.52,78.87,0.34
308.68,78.87,0.34
326.84,78.87,0.34
345.00,78.87,0.34
285.60,80.23,0.34
302.40,80.23,0.34
319.20,80.23,0.34
336.00,80.23,0.34
332.70,60.11,0.34
665.42,90.37,0.69
672.28,90.37,0.69
679.14,90.37,0.69
806.91,17.09,0.34
34.61,63.22,0.69
69.22,63.23,0.69
103.83,63.23,0.69
138.43,63.24,0.69
1393.82,4.96,0.34
1486.75,4.96,0.34
1579.67,4.97,0.34
1672.59,4.99,0.34
59.30,83.22,0.68
74.13,83.22,0.68
88.96,83.22,0.68
103.78,83.23,0.68
118.61,83.23,0.68
463.63,89.01,0.68
1126.15,57.95,0.34
957.91,18.34,0.68
1056.62,16.89,0.34
3655.95,22.10,1.03
3451.97,27.82,0.34
1083.65,58.13,0.68
665.66,61.28,0.34
1057.28,16.93,0.34
472.72,89.20,0.68
3732.12,22.90,1.03
550.91,20.94,0.34
243.22,64.94,0.68
1138.61,18.53,0.34
3808.28,23.71,1.03
1123.78,59.75,0.68
3522.42,29.46,0.34
701.36,81.98,2.39
348.20,42.18,2.38
171.78,89.77,1.36
169.43,72.66,2.03
478.36,61.07,2.36
484.82,66.42,0.68
630.91,52.80,0.34
479.15,48.13,0.68
128.99,90.62,0.68
692.13,66.92,1.35
1218.45,26.55,0.68
