2.00,5,0.00,1.00,0,5,5,7.00,0.00,NORMAL
2.00,3,0.00,1.00,0,5,5,0.11,0.00,NORMAL
2.00,3,0.00,1.00,0,5,5,0.95,0.00,NORMAL
2.00,3,0.00,1.00,0,5,5,0.08,0.00,NORMAL
2.00,3,0.00,1.00,0,5,5,0.10,0.00,NORMAL
2.00,3,0.00,1.00,0,5,5,0.07,0.00,NORMAL
2.00,6,0.00,1.00,0,5,5,0.08,0.00,NORMAL
2.00,5,0.15,0.85,0,5,5,1.60,0.00,NORMAL
2.00,5,0.00,1.00,0,5,5,0.96,0.00,NORMAL
2.00,4,0.00,1.00,0,5,5,1.92,0.00,NORMAL
2.00,4,0.00,1.00,0,5,5,0.09,0.00,NORMAL
2.00,4,0.00,1.00,0,5,5,0.50,0.00,NORMAL
2.00,4,0.00,1.00,0,5,5,0.49,0.00,NORMAL
2.00,9,0.10,0.90,0,5,5,1.15,0.00,NORMAL
2.00,5,0.00,1.00,0,5,5,1.78,0.00,NORMAL
2.00,5,0.00,1.00,0,5,5,1.94,0.00,NORMAL
2.00,5,0.00,1.00,0,5,5,0.11,0.00,NORMAL
2.00,5,0.00,1.00,0,5,5,1.35,0.00,NORMAL
2.00,5,0.00,1.00,0,5,5,0.58,0.00,NORMAL
2.00,5,0.00,1.00,0,5,5,1.51,0.00,NORMAL
2.00,7,0.00,1.00,0,5,5,6.92,0.00,NORMAL
2.00,7,0.00,1.00,0,5,5,7.51,0.00,NORMAL
2.00,5,0.00,1.00,0,5,5,1.13,0.00,NORMAL
2.00,5,0.00,1.00,0,5,5,1.05,0.00,NORMAL
2.00,6,0.00,1.00,0,5,5,0.10,0.00,NORMAL
2.00,5,0.00,1.00,0,5,5,1.63,0.00,NORMAL
2.00,5,0.00,1.00,0,5,5,0.88,0.00,NORMAL
2.00,7,0.00,1.00,0,5,5,4.97,0.00,NORMAL
2.00,7,0.00,1.00,0,5,5,0.71,0.00,NORMAL
2.00,6,0.00,1.00,0,5,5,0.77,0.00,NORMAL
2.00,5,0.00,1.00,0,5,5,2.10,0.00,NORMAL
2.00,5,0.00,1.00,0,5,5,1.70,0.00,NORMAL
2.00,6,0.00,1.00,0,5,5,1.68,0.00,NORMAL
2.00,5,0.00,1.00,0,5,5,1.74,0.00,NORMAL
2.00,7,0.18,0.82,0,5,5,1.24,0.00,NORMAL
2.00,4,0.00,1.00,0,5,5,6.38,0.00,NORMAL
2.00,6,0.00,1.00,0,5,5,0.58,0.00,NORMAL
2.00,6,0.11,0.89,0,5,5,0.64,0.00,NORMAL
2.00,5,0.00,1.00,0,5,5,4.99,0.00,NORMAL
2.00,5,0.00,1.00,0,5,5,1.06,0.00,NORMAL
2.00,6,0.00,1.00,0,5,5,3.51,0.00,NORMAL
2.00,5,0.00,1.00,0,5,5,0.87,0.00,NORMAL
2.00,6,0.00,1.00,0,5,5,5.59,0.00,NORMAL
2.00,5,0.00,1.00,0,5,5,0.07,0.00,NORMAL
2.00,7,0.00,1.00,0,5,5,0.88,0.00,NORMAL
2.00,5,0.00,1.00,0,5,5,1.65,0.00,NORMAL
2.00,7,0.00,1.00,0,5,5,1.18,0.00,NORMAL
2.00,5,0.00,1.00,0,5,5,0.12,0.00,NORMAL
2.00,5,0.00,1.00,0,5,5,5.02,0.00,NORMAL
2.00,5,0.00,1.00,0,5,5,4.42,0.00,NORMAL
2.00,7,0.00,1.00,0,5,5,1.25,0.00,NORMAL
2.00,7,0.00,1.00,0,5,5,0.22,0.00,NORMAL
2.00,5,0.00,1.00,0,5,5,0.97,0.00,NORMAL
2.00,7,0.00,1.00,0,5,5,1.02,0.00,NORMAL
2.00,5,0.00,1.00,0,5,5,1.05,0.00,NORMAL
2.00,5,0.00,1.00,0,5,5,1.66,0.00,NORMAL
2.00,6,0.00,1.00,0,5,5,3.81,0.00,NORMAL
2.00,5,0.00,1.00,0,5,5,2.09,0.00,NORMAL
2.00,7,0.00,1.00,0,5,5,4.53,0.00,NORMAL
2.00,6,0.00,1.00,0,5,5,1.79,0.00,NORMAL
2.00,7,0.00,1.00,0,5,5,0.83,0.00,NORMAL
2.00,5,0.00,1.00,0,5,5,4.40,0.00,NORMAL
2.00,5,0.00,1.00,0,5,5,3.77,0.00,NORMAL
2.00,5,0.00,1.00,0,5,5,0.04,0.00,NORMAL
2.00,5,0.00,1.00,0,5,5,0.06,0.00,NORMAL
2.00,7,0.00,1.00,0,5,5,0.05,0.00,NORMAL
2.00,7,0.00,1.00,0,5,5,0.04,0.00,NORMAL
2.00,5,0.00,1.00,0,5,5,0.05,0.00,NORMAL
2.00,7,0.00,1.00,0,5,5,0.05,0.00,NORMAL
2.00,5,0.00,1.00,0,5,5,0.05,0.00,NORMAL
2.00,5,0.00,1.00,0,5,5,0.40,0.00,NORMAL
2.00,5,0.00,1.00,0,5,5,0.08,0.00,NORMAL
2.00,5,0.00,1.00,0,5,5,0.04,0.00,NORMAL
2.00,8,0.00,1.00,0,5,5,3.06,0.00,NORMAL
2.00,5,0.00,1.00,0,5,5,0.05,0.00,NORMAL
2.00,7,0.00,1.00,0,5,5,0.05,0.00,NORMAL
2.00,6,0.00,1.00,0,5,5,0.47,0.00,NORMAL
2.00,5,0.00,1.00,0,5,5,0.06,0.00,NORMAL
2.00,5,0.00,1.00,0,5,5,0.06,0.00,NORMAL
2.00,7,0.00,1.00,0,5,5,0.06,0.00,NORMAL
2.00,5,0.00,1.00,0,5,5,0.06,0.00,NORMAL
2.00,8,0.00,1.00,0,5,5,0.07,0.00,NORMAL
2.00,5,0.00,1.00,0,5,5,0.47,0.00,NORMAL
2.00,5,0.00,1.00,0,5,5,0.50,0.00,NORMAL
2.00,5,0.00,1.00,0,5,5,0.05,0.00,NORMAL
2.00,7,0.00,1.00,0,5,5,0.48,0.00,NORMAL
2.00,7,0.00,1.00,0,5,5,2.98,0.00,NORMAL
2.00,5,0.00,1.00,0,5,5,3.74,0.00,NORMAL
2.00,7,0.00,1.00,0,5,5,0.67,0.00,NORMAL
2.00,3,0.00,1.00,0,5,5,1.14,0.00,NORMAL
2.00,5,0.13,0.87,0,5,5,0.07,0.00,NORMAL
2.00,9,0.13,0.87,0,5,5,0.05,0.00,NORMAL
2.00,5,0.00,1.00,0,5,5,0.05,0.00,NORMAL
2.00,5,0.00,1.00,0,5,5,0.04,0.00,NORMAL
2.00,5,0.00,1.00,0,5,5,0.04,0.00,NORMAL
2.00,5,0.00,1.00,0,5,5,0.04,0.00,NORMAL
2.00,5,0.00,1.00,0,5,5,0.10,0.00,NORMAL
2.00,5,0.00,1.00,0,5,5,0.04,0.00,NORMAL
2.00,5,0.00,1.00,0,5,5,0.03,0.00,NORMAL
2.00,9,0.00,1.00,0,5,5,3.28,0.00,NORMAL
2.00,7,0.00,1.00,0,5,5,6.98,0.00,NORMAL
2.00,5,0.00,1.00,0,5,5,0.04,0.00,NORMAL
2.00,5,0.00,1.00,0,5,5,0.04,0.00,NORMAL
2.00,5,0.00,1.00,0,5,5,0.08,0.00,NORMAL
2.00,5,0.00,1.00,0,5,5,3.33,0.00,NORMAL
2.00,5,0.00,1.00,0,5,5,0.05,0.00,NORMAL
2.00,5,0.00,1.00,0,5,5,0.04,0.00,NORMAL
2.00,6,0.00,1.00,0,5,5,0.06,0.00,NORMAL
2.00,9,0.00,1.00,0,5,5,0.04,0.00,NORMAL
2.00,5,0.00,1.00,0,5,5,0.06,0.00,NORMAL
2.00,5,0.00,1.00,0,5,5,0.05,0.00,NORMAL
2.00,5,0.00,1.00,0,5,5,2.30,0.00,NORMAL
2.00,7,0.08,0.92,0,5,5,0.05,0.00,NORMAL
2.00,6,0.00,1.00,0,5,5,0.04,0.00,NORMAL
2.00,6,0.00,1.00,0,5,5,0.05,0.00,NORMAL
2.00,6,0.00,1.00,0,5,5,0.90,0.00,NORMAL
2.00,10,0.00,1.00,0,5,5,0.05,0.00,NORMAL
2.00,6,0.00,1.00,0,5,5,0.03,0.00,NORMAL
2.00,6,0.00,1.00,0,5,5,0.05,0.00,NORMAL
2.00,6,0.00,1.00,0,5,5,0.04,0.00,NORMAL
2.00,6,0.00,1.00,0,5,5,0.04,0.00,NORMAL
2.00,6,0.00,1.00,0,5,5,0.04,0.00,NORMAL
2.00,6,0.00,1.00,0,5,5,0.05,0.00,NORMAL
2.00,6,0.00,1.00,0,5,5,0.04,0.00,NORMAL
2.00,10,0.00,1.00,0,5,5,0.04,0.00,NORMAL
2.00,9,0.00,1.00,0,5,5,0.04,0.00,NORMAL
2.00,6,0.00,1.00,0,5,5,0.05,0.00,NORMAL
2.00,6,0.00,1.00,0,5,5,0.04,0.00,NORMAL
2.00,6,0.00,1.00,0,5,5,11.43,0.00,NORMAL
2.00,7,0.00,1.00,0,5,5,0.08,0.00,NORMAL
2.00,6,0.00,1.00,0,5,5,4.90,0.00,NORMAL
2.00,6,0.00,1.00,0,5,5,0.05,0.00,NORMAL
2.00,8,0.00,1.00,0,5,5,0.05,0.00,NORMAL
2.00,9,0.00,1.00,0,5,5,1.36,0.00,NORMAL
2.00,6,0.00,1.00,0,5,5,0.04,0.00,NORMAL
2.00,6,0.00,1.00,0,5,5,0.04,0.00,NORMAL
2.00,6,0.00,1.00,0,5,5,0.05,0.00,NORMAL
2.00,6,0.00,1.00,0,5,5,0.05,0.00,NORMAL
2.00,6,0.00,1.00,0,5,5,9.79,0.00,NORMAL
2.00,6,0.00,1.00,0,5,5,0.05,0.00,NORMAL
2.00,9,0.00,1.00,0,5,5,0.05,0.00,NORMAL
2.00,9,0.00,1.00,0,5,5,0.04,0.00,NORMAL
2.00,6,0.00,1.00,0,5,5,0.05,0.00,NORMAL
2.00,6,0.00,1.00,0,5,5,0.05,0.00,NORMAL
2.00,6,0.00,1.00,0,5,5,5.86,0.00,NORMAL
2.00,6,0.00,1.00,0,5,5,0.04,0.00,NORMAL
2.00,7,0.00,1.00,0,5,5,0.04,0.00,NORMAL
2.00,6,0.00,1.00,0,5,5,9.85,0.00,NORMAL
2.00,8,0.00,1.00,0,5,5,0.05,0.00,NORMAL
2.00,8,0.00,1.00,0,5,5,0.04,0.00,NORMAL
2.00,7,0.00,1.00,0,5,5,0.04,0.00,NORMAL
2.00,6,0.00,1.00,0,5,5,0.05,0.00,NORMAL
2.00,6,0.00,1.00,0,5,5,0.55,0.00,NORMAL
2.00,6,0.00,1.00,0,5,5,6.56,0.00,NORMAL
2.00,6,0.00,1.00,0,5,5,0.05,0.00,NORMAL
2.00,6,0.00,1.00,0,5,5,0.05,0.00,NORMAL
2.00,8,0.00,1.00,0,5,5,0.07,0.00,NORMAL
2.00,9,0.00,1.00,0,5,5,0.04,0.00,NORMAL
2.00,7,0.00,1.00,0,5,5,1.83,0.00,NORMAL
2.00,6,0.00,1.00,0,5,5,0.05,0.00,NORMAL
2.00,6,0.00,1.00,0,5,5,0.05,0.00,NORMAL
2.00,6,0.00,1.00,0,5,5,0.03,0.00,NORMAL
2.00,7,0.00,1.00,0,5,5,7.46,0.00,NORMAL
2.00,6,0.00,1.00,0,5,5,0.06,0.00,NORMAL
2.00,8,0.00,1.00,0,5,5,0.30,0.00,NORMAL
2.00,8,0.00,1.00,0,5,5,0.05,0.00,NORMAL
2.00,7,0.00,1.00,0,5,5,0.06,0.00,NORMAL
2.00,6,0.00,1.00,0,5,5,0.05,0.00,NORMAL
2.00,6,0.00,1.00,0,5,5,0.04,0.00,NORMAL
2.00,6,0.00,1.00,0,5,5,0.04,0.00,NORMAL
2.00,6,0.00,1.00,0,5,5,0.05,0.00,NORMAL
2.00,6,0.00,1.00,0,5,5,0.52,0.00,NORMAL
2.00,8,0.00,1.00,0,5,5,0.04,0.00,NORMAL
2.00,8,0.00,1.00,0,5,5,0.06,0.00,NORMAL
2.00,7,0.00,1.00,0,5,5,0.05,0.00,NORMAL
2.00,7,0.00,1.00,0,5,5,0.05,0.00,NORMAL
2.00,6,0.00,1.00,0,5,5,0.03,0.00,NORMAL
2.00,6,0.00,1.00,0,5,5,0.05,0.00,NORMAL
2.00,6,0.00,1.00,0,5,5,0.05,0.00,NORMAL
2.00,7,0.00,1.00,0,5,5,0.06,0.00,NORMAL
2.00,6,0.00,1.00,0,5,5,0.04,0.00,NORMAL
2.00,9,0.00,1.00,0,5,5,0.06,0.00,NORMAL
2.00,6,0.00,1.00,0,5,5,0.06,0.00,NORMAL
2.00,7,0.00,1.00,0,5,5,5.85,0.00,NORMAL
2.00,6,0.00,1.00,0,5,5,0.05,0.00,NORMAL
2.00,6,0.00,1.00,0,5,5,0.03,0.00,NORMAL
2.00,6,0.00,1.00,0,5,5,6.93,0.00,NORMAL
2.00,6,0.00,1.00,0,5,5,9.20,0.00,NORMAL
2.00,6,0.00,1.00,0,5,5,3.13,0.00,NORMAL
2.00,9,0.00,1.00,0,5,5,0.05,0.00,NORMAL
2.00,9,0.00,1.00,0,5,5,0.05,0.00,NORMAL
2.00,7,0.00,1.00,0,5,5,7.30,0.00,NORMAL
2.00,6,0.00,1.00,0,5,5,0.04,0.00,NORMAL
2.00,6,0.00,1.00,0,5,5,0.44,0.00,NORMAL
2.00,6,0.00,1.00,0,5,5,0.05,0.00,NORMAL
2.00,6,0.00,1.00,0,5,5,0.45,0.00,NORMAL
2.00,7,0.00,1.00,0,5,5,0.05,0.00,NORMAL
2.00,9,0.00,1.00,0,5,5,0.46,0.00,NORMAL
2.00,6,0.00,1.00,0,5,5,2.94,0.00,NORMAL
2.00,6,0.00,1.00,0,5,5,0.07,0.00,NORMAL
2.00,7,0.00,1.00,0,5,5,0.05,0.00,NORMAL
2.00,6,0.00,1.00,0,5,5,0.06,0.00,NORMAL
2.00,6,0.00,1.00,0,5,5,0.03,0.00,NORMAL
2.00,6,0.00,1.00,0,5,5,0.05,0.00,NORMAL
2.00,6,0.00,1.00,0,5,5,0.05,0.00,NORMAL
2.00,9,0.00,1.00,0,5,5,0.05,0.00,NORMAL
2.00,6,0.00,1.00,0,5,5,6.01,0.00,NORMAL
2.00,9,0.00,1.00,0,5,5,1.38,0.00,NORMAL
2.00,7,0.00,1.00,0,5,5,0.52,0.00,NORMAL
2.00,6,0.00,1.00,0,5,5,0.05,0.00,NORMAL
2.00,6,0.00,1.00,0,5,5,0.05,0.00,NORMAL
2.00,6,0.00,1.00,0,5,5,0.04,0.00,NORMAL
2.00,7,0.00,1.00,0,5,5,0.73,0.00,NORMAL
2.00,9,0.00,1.00,0,5,5,0.05,0.00,NORMAL
2.00,6,0.00,1.00,0,5,5,0.06,0.00,NORMAL
2.00,6,0.00,1.00,0,5,5,0.55,0.00,NORMAL
2.00,7,0.00,1.00,0,5,5,0.04,0.00,NORMAL
2.00,9,0.00,1.00,0,5,5,0.05,0.00,NORMAL
2.00,6,0.00,1.00,0,5,5,0.05,0.00,NORMAL
2.00,6,0.00,1.00,0,5,5,0.05,0.00,NORMAL
2.00,6,0.00,1.00,0,5,5,0.04,0.00,NORMAL
2.00,9,0.00,1.00,0,5,5,0.03,0.00,NORMAL
2.00,6,0.00,1.00,0,5,5,0.04,0.00,NORMAL
2.00,8,0.00,1.00,0,5,5,0.05,0.00,NORMAL
2.00,7,0.00,1.00,0,5,5,0.05,0.00,NORMAL
2.00,10,0.00,1.00,0,5,5,5.46,0.00,NORMAL
2.00,6,0.00,1.00,0,5,5,3.02,0.00,NORMAL
2.00,6,0.00,1.00,0,5,5,0.04,0.00,NORMAL
2.00,6,0.00,1.00,0,5,5,2.06,0.00,NORMAL
2.00,10,0.00,1.00,0,5,5,0.04,0.00,NORMAL
2.00,6,0.00,1.00,0,5,5,0.06,0.00,NORMAL
2.00,6,0.00,1.00,0,5,5,0.04,0.00,NORMAL
2.00,9,0.00,1.00,0,5,5,0.05,0.00,NORMAL
2.00,7,0.00,1.00,0,5,5,0.06,0.00,NORMAL
2.00,6,0.00,1.00,0,5,5,0.05,0.00,NORMAL
2.00,6,0.00,1.00,0,5,5,0.05,0.00,NORMAL
2.00,9,0.00,1.00,0,5,5,0.05,0.00,NORMAL
2.00,6,0.00,1.00,0,5,5,0.04,0.00,NORMAL
2.00,6,0.00,1.00,0,5,5,0.45,0.00,NORMAL
2.00,6,0.00,1.00,0,5,5,0.12,0.00,NORMAL
2.00,9,0.00,1.00,0,5,5,0.05,0.00,NORMAL
2.00,7,0.00,1.00,0,5,5,1.15,0.00,NORMAL
2.00,6,0.00,1.00,0,5,5,1.15,0.00,NORMAL
2.00,6,0.00,1.00,0,5,5,0.06,0.00,NORMAL
2.00,9,0.00,1.00,0,5,5,0.04,0.00,NORMAL
2.00,6,0.00,1.00,0,5,5,0.52,0.00,NORMAL
2.00,7,0.00,1.00,0,5,5,0.11,0.00,NORMAL
2.00,8,0.00,1.00,0,5,5,0.05,0.00,NORMAL
2.00,8,0.00,1.00,0,5,5,0.05,0.00,NORMAL
2.00,6,0.00,1.00,0,5,5,0.05,0.00,NORMAL
2.00,7,0.00,1.00,0,5,5,0.06,0.00,NORMAL
2.00,8,0.00,1.00,0,5,5,0.16,0.00,NORMAL
2.00,8,0.00,1.00,0,5,5,0.06,0.00,NORMAL
2.00,6,0.00,1.00,0,5,5,5.83,0.00,NORMAL
2.00,6,0.00,1.00,0,5,5,0.05,0.00,NORMAL
2.00,8,0.00,1.00,0,5,5,0.07,0.00,NORMAL
2.00,9,0.00,1.00,0,5,5,1.34,0.00,NORMAL
2.00,7,0.00,1.00,0,5,5,0.07,0.00,NORMAL
2.00,7,0.00,1.00,0,5,5,0.20,0.00,NORMAL
2.00,8,0.00,1.00,0,5,5,0.15,0.00,NORMAL
2.00,8,0.00,1.00,0,5,5,7.23,0.00,NORMAL
2.00,6,0.00,1.00,0,5,5,0.06,0.00,NORMAL
2.00,7,0.00,1.00,0,5,5,4.04,0.00,NORMAL
2.00,8,0.00,1.00,0,5,5,3.02,0.00,NORMAL
2.00,8,0.00,1.00,0,5,5,0.06,0.00,NORMAL
2.00,6,0.00,1.00,0,5,5,17.59,0.00,NORMAL
2.00,7,0.00,1.00,0,5,5,7.33,0.00,NORMAL
2.00,8,0.00,1.00,0,5,5,0.18,0.00,NORMAL
2.00,8,0.00,1.00,0,5,5,0.07,0.00,NORMAL
2.00,6,0.00,1.00,0,5,5,7.65,0.00,NORMAL
2.00,6,0.00,1.00,0,5,5,0.06,0.00,NORMAL
2.00,8,0.00,1.00,0,5,5,0.07,0.00,NORMAL
2.00,9,0.00,1.00,0,5,5,0.12,0.00,NORMAL
2.00,6,0.00,1.00,0,5,5,1.27,0.00,NORMAL
2.00,7,0.00,1.00,0,5,5,0.83,0.00,NORMAL
2.00,9,0.00,1.00,0,5,5,0.06,0.00,NORMAL
2.00,8,0.00,1.00,0,5,5,0.06,0.00,NORMAL
2.00,6,0.00,1.00,0,5,5,0.03,0.00,NORMAL
2.00,6,0.00,1.00,0,5,5,0.60,0.00,NORMAL
2.00,9,0.00,1.00,0,5,5,0.06,0.00,NORMAL
2.00,8,0.00,1.00,0,5,5,0.06,0.00,NORMAL
2.00,6,0.00,1.00,0,5,5,0.06,0.00,NORMAL
2.00,6,0.00,1.00,0,5,5,14.05,0.00,NORMAL
2.00,9,0.00,1.00,0,5,5,0.08,0.00,NORMAL
2.00,8,0.00,1.00,0,5,5,0.16,0.00,NORMAL
2.00,6,0.00,1.00,0,5,5,0.05,0.00,NORMAL
2.00,6,0.00,1.00,0,5,5,0.09,0.00,NORMAL
2.00,8,0.00,1.00,0,5,5,0.07,0.00,NORMAL
2.00,8,0.00,1.00,0,5,5,0.06,0.00,NORMAL
2.00,8,0.00,1.00,0,5,5,0.06,0.00,NORMAL
2.00,6,0.00,1.00,0,5,5,0.06,0.00,NORMAL
2.00,9,0.00,1.00,0,5,5,0.11,0.00,NORMAL
2.00,9,0.00,1.00,0,5,5,5.26,0.00,NORMAL
2.00,6,0.00,1.00,0,5,5,4.20,0.00,NORMAL
2.00,6,0.00,1.00,0,5,5,1.09,0.00,NORMAL
2.00,8,0.00,1.00,0,5,5,0.06,0.00,NORMAL
2.00,9,0.00,1.00,0,5,5,0.08,0.00,NORMAL
2.00,6,0.00,1.00,0,5,5,0.06,0.00,NORMAL
2.00,6,0.00,1.00,0,5,5,0.06,0.00,NORMAL
2.00,8,0.00,1.00,0,5,5,17.15,0.00,NORMAL
2.00,7,0.00,1.00,0,5,5,0.56,0.00,NORMAL
2.00,8,0.00,1.00,0,5,5,0.05,0.00,NORMAL
2.00,6,0.00,1.00,0,5,5,3.10,0.00,NORMAL
2.00,8,0.00,1.00,0,5,5,0.08,0.00,NORMAL
2.00,6,0.00,1.00,0,5,5,0.07,0.00,NORMAL
2.00,8,0.00,1.00,0,5,5,0.16,0.00,NORMAL
2.00,8,0.00,1.00,0,5,5,0.06,0.00,NORMAL
2.00,9,0.00,1.00,0,5,5,0.06,0.00,NORMAL
2.00,7,0.00,1.00,0,5,5,0.19,0.00,NORMAL
2.00,8,0.00,1.00,0,5,5,0.09,0.00,NORMAL
2.00,6,0.00,1.00,0,5,5,0.06,0.00,NORMAL
2.00,8,0.00,1.00,0,5,5,9.33,0.00,NORMAL
2.00,6,0.00,1.00,0,5,5,0.07,0.00,NORMAL
2.00,7,0.00,1.00,0,5,5,12.41,0.00,NORMAL
2.00,6,0.00,1.00,0,5,5,0.17,0.00,NORMAL
2.00,8,0.00,1.00,0,5,5,0.15,0.00,NORMAL
2.00,7,0.00,1.00,0,5,5,0.06,0.00,NORMAL
2.00,8,0.00,1.00,0,5,5,0.35,0.00,NORMAL
2.00,6,0.00,1.00,0,5,5,1.91,0.00,NORMAL
2.00,6,0.00,1.00,0,5,5,0.06,0.00,NORMAL
2.00,6,0.00,1.00,0,5,5,0.08,0.00,NORMAL
2.00,6,0.00,1.00,0,5,5,0.06,0.00,NORMAL
2.00,8,0.00,1.00,0,5,5,0.06,0.00,NORMAL
2.00,8,0.00,1.00,0,5,5,2.86,0.00,NORMAL
2.00,7,0.00,1.00,0,5,5,0.77,0.00,NORMAL
2.00,7,0.00,1.00,0,5,5,0.06,0.00,NORMAL
2.00,6,0.00,1.00,0,5,5,0.06,0.00,NORMAL
2.00,6,0.00,1.00,0,5,5,0.11,0.00,NORMAL
2.00,8,0.00,1.00,0,5,5,0.31,0.00,NORMAL
2.00,9,0.00,1.00,0,5,5,0.06,0.00,NORMAL
2.00,6,0.00,1.00,0,5,5,6.02,0.00,NORMAL
2.00,6,0.00,1.00,0,5,5,3.54,0.00,NORMAL
2.00,6,0.00,1.00,0,5,5,4.69,0.00,NORMAL
2.00,7,0.00,1.00,0,5,5,0.06,0.00,NORMAL
2.00,6,0.00,1.00,0,5,5,0.06,0.00,NORMAL
2.00,9,0.00,1.00,0,5,5,4.21,0.00,NORMAL
2.00,6,0.00,1.00,0,5,5,6.71,0.00,NORMAL
2.00,6,0.00,1.00,0,5,5,0.06,0.00,NORMAL
2.00,6,0.00,1.00,0,5,5,1.47,0.00,NORMAL
2.00,6,0.00,1.00,0,5,5,0.06,0.00,NORMAL
2.00,6,0.00,1.00,0,5,5,0.06,0.00,NORMAL
2.00,10,0.00,1.00,0,5,5,0.04,0.00,NORMAL
2.00,7,0.00,1.00,0,5,5,0.11,0.00,NORMAL
2.00,6,0.00,1.00,0,5,5,7.13,0.00,NORMAL
2.00,6,0.00,1.00,0,5,5,0.06,0.00,NORMAL
2.00,6,0.00,1.00,0,5,5,7.14,0.00,NORMAL
2.00,7,0.00,1.00,0,5,5,0.06,0.00,NORMAL
2.00,8,0.00,1.00,0,5,5,3.95,0.00,NORMAL
2.00,8,0.00,1.00,0,5,5,0.06,0.00,NORMAL
2.00,6,0.00,1.00,0,5,5,0.65,0.00,NORMAL
2.00,7,0.00,1.00,0,5,5,6.60,0.00,NORMAL
2.00,6,0.00,1.00,0,5,5,0.21,0.00,NORMAL
2.00,6,0.00,1.00,0,5,5,0.06,0.00,NORMAL
2.00,8,0.00,1.00,0,5,5,0.06,0.00,NORMAL
2.00,8,0.00,1.00,0,5,5,0.06,0.00,NORMAL
2.00,6,0.00,1.00,0,5,5,0.05,0.00,NORMAL
2.00,6,0.00,1.00,0,5,5,0.06,0.00,NORMAL
2.00,9,0.00,1.00,0,5,5,1.13,0.00,NORMAL
2.00,7,0.00,1.00,0,5,5,3.78,0.00,NORMAL
2.00,8,0.00,1.00,0,5,5,0.06,0.00,NORMAL
2.00,6,0.00,1.00,0,5,5,5.76,0.00,NORMAL
2.00,8,0.00,1.00,0,5,5,0.08,0.00,NORMAL
2.00,6,0.00,1.00,0,5,5,6.75,0.00,NORMAL
2.00,7,0.00,1.00,0,5,5,4.61,0.00,NORMAL
2.00,6,0.00,1.00,0,5,5,0.10,0.00,NORMAL
2.00,8,0.00,1.00,0,5,5,3.48,0.00,NORMAL
2.00,6,0.00,1.00,0,5,5,0.54,0.00,NORMAL
2.00,9,0.00,1.00,0,5,5,6.94,0.00,NORMAL
2.00,6,0.00,1.00,0,5,5,0.06,0.00,NORMAL
2.00,6,0.00,1.00,0,5,5,0.06,0.00,NORMAL
2.00,6,0.00,1.00,0,5,5,0.18,0.00,NORMAL
2.00,8,0.00,1.00,0,5,5,0.06,0.00,NORMAL
2.00,6,0.00,1.00,0,5,5,0.07,0.00,NORMAL
2.00,8,0.00,1.00,0,5,5,9.61,0.00,NORMAL
2.00,9,0.00,1.00,0,5,5,5.83,0.00,NORMAL
2.00,7,0.00,1.00,0,5,5,0.06,0.00,NORMAL
2.00,6,0.00,1.00,0,5,5,0.17,0.00,NORMAL
2.00,8,0.00,1.00,0,5,5,1.07,0.00,NORMAL
2.00,6,0.00,1.00,0,5,5,0.15,0.00,NORMAL
2.00,7,0.00,1.00,0,5,5,0.07,0.00,NORMAL
2.00,8,0.00,1.00,0,5,5,0.06,0.00,NORMAL
2.00,6,0.00,1.00,0,5,5,0.29,0.00,NORMAL
2.00,6,0.00,1.00,0,5,5,0.06,0.00,NORMAL
2.00,9,0.00,1.00,0,5,5,0.06,0.00,NORMAL
2.00,6,0.00,1.00,0,5,5,0.06,0.00,NORMAL
2.00,6,0.00,1.00,0,5,5,0.12,0.00,NORMAL
2.00,8,0.00,1.00,0,5,5,6.26,0.00,NORMAL
2.00,6,0.00,1.00,0,5,5,0.06,0.00,NORMAL
2.00,6,0.00,1.00,0,5,5,0.06,0.00,NORMAL
2.00,8,0.00,1.00,0,5,5,0.06,0.00,NORMAL
2.00,6,0.00,1.00,0,5,5,0.08,0.00,NORMAL
2.00,7,0.00,1.00,0,5,5,0.06,0.00,NORMAL
2.00,9,0.00,1.00,0,5,5,0.07,0.00,NORMAL
2.00,6,0.00,1.00,0,5,5,0.07,0.00,NORMAL
2.00,6,0.00,1.00,0,5,5,20.69,0.00,NORMAL
2.00,8,0.00,1.00,0,5,5,0.56,0.00,NORMAL
2.00,7,0.00,1.00,0,5,5,4.67,0.00,NORMAL
2.00,6,0.00,1.00,0,5,5,6.80,0.00,NORMAL
2.00,8,0.00,1.00,0,5,5,0.56,0.00,NORMAL
2.00,6,0.00,1.00,0,5,5,0.06,0.00,NORMAL
2.00,7,0.00,1.00,0,5,5,0.17,0.00,NORMAL
2.00,8,0.00,1.00,0,5,5,0.17,0.00,NORMAL
2.00,6,0.00,1.00,0,5,5,0.06,0.00,NORMAL
2.00,6,0.00,1.00,0,5,5,6.95,0.00,NORMAL
2.00,8,0.00,1.00,0,5,5,0.06,0.00,NORMAL
2.00,6,0.00,1.00,0,5,5,10.11,0.00,NORMAL
2.00,8,0.00,1.00,0,5,5,0.06,0.00,NORMAL
2.00,8,0.00,1.00,0,5,5,0.10,0.00,NORMAL
2.00,7,0.00,1.00,0,5,5,0.12,0.00,NORMAL
2.00,6,0.00,1.00,0,5,5,7.80,0.00,NORMAL
2.00,6,0.00,1.00,0,5,5,1.69,0.00,NORMAL
2.00,8,0.00,1.00,0,5,5,4.24,0.00,NORMAL
2.00,6,0.00,1.00,0,5,5,0.16,0.00,NORMAL
2.00,7,0.00,1.00,0,5,5,7.08,0.00,NORMAL
2.00,6,0.00,1.00,0,5,5,0.11,0.00,NORMAL
2.00,8,0.00,1.00,0,5,5,9.13,0.00,NORMAL
2.00,6,0.00,1.00,0,5,5,0.06,0.00,NORMAL
2.00,7,0.00,1.00,0,5,5,3.72,0.00,NORMAL
2.00,6,0.00,1.00,0,5,5,0.06,0.00,NORMAL
2.00,8,0.00,1.00,0,5,5,0.11,0.00,NORMAL
2.00,6,0.00,1.00,0,5,5,0.20,0.00,NORMAL
2.00,6,0.00,1.00,0,5,5,0.09,0.00,NORMAL
2.00,8,0.00,1.00,0,5,5,0.06,0.00,NORMAL
2.00,8,0.00,1.00,0,5,5,0.08,0.00,NORMAL
2.00,7,0.00,1.00,0,5,5,0.94,0.00,NORMAL
2.00,7,0.00,1.00,0,5,5,5.64,0.00,NORMAL
2.00,6,0.00,1.00,0,5,5,4.57,0.00,NORMAL
2.00,8,0.00,1.00,0,5,5,7.03,0.00,NORMAL
2.00,6,0.00,1.00,0,5,5,7.64,0.00,NORMAL
2.00,7,0.00,1.00,0,5,5,7.39,0.00,NORMAL
2.00,6,0.00,1.00,0,5,5,0.06,0.00,NORMAL
2.00,8,0.00,1.00,0,5,5,0.16,0.00,NORMAL
2.00,6,0.00,1.00,0,5,5,1.78,0.00,NORMAL
2.00,7,0.00,1.00,0,5,5,0.21,0.00,NORMAL
2.00,6,0.00,1.00,0,5,5,4.65,0.00,NORMAL
2.00,8,0.00,1.00,0,5,5,0.06,0.00,NORMAL
0.00,5,0.00,1.00,0,0,0,0.00,0.00,NORMAL
0.00,5,0.00,1.00,0,0,0,0.00,0.00,NORMAL
0.00,5,0.00,1.00,0,0,0,0.00,0.00,NORMAL
0.00,7,0.00,1.00,0,0,0,0.00,0.00,NORMAL
0.00,5,0.00,1.00,0,0,0,0.00,0.00,NORMAL
0.00,6,0.00,1.00,0,0,0,0.00,0.00,NORMAL
0.00,8,0.00,1.00,0,0,0,0.00,0.00,NORMAL
0.00,7,0.00,1.00,0,0,0,0.00,0.00,NORMAL
0.00,5,0.00,1.00,0,0,0,0.00,0.00,NORMAL
0.00,5,0.00,1.00,0,0,0,0.00,0.00,NORMAL
0.00,6,0.00,1.00,0,0,0,0.00,0.00,NORMAL
0.00,7,0.00,1.00,0,0,0,0.00,0.00,NORMAL
0.00,5,0.00,1.00,0,0,0,0.00,0.00,NORMAL
0.00,5,0.00,1.00,0,0,0,0.00,0.00,NORMAL
0.00,6,0.00,1.00,0,0,0,0.00,0.00,NORMAL
0.00,7,0.00,1.00,0,0,0,0.00,0.00,NORMAL
0.00,5,0.00,1.00,0,0,0,0.00,0.00,NORMAL
0.00,5,0.00,1.00,0,0,0,0.00,0.00,NORMAL
0.00,5,0.00,1.00,0,0,0,0.00,0.00,NORMAL
0.00,7,0.00,1.00,0,0,0,0.00,0.00,NORMAL
0.00,7,0.00,1.00,0,0,0,0.00,0.00,NORMAL
0.00,5,0.00,1.00,0,0,0,0.00,0.00,NORMAL
0.00,6,0.00,1.00,0,0,0,0.00,0.00,NORMAL
0.00,8,0.00,1.00,0,0,0,0.00,0.00,NORMAL
0.00,5,0.00,1.00,0,0,0,0.00,0.00,NORMAL
0.00,5,0.00,1.00,0,0,0,0.00,0.00,NORMAL
0.00,5,0.00,1.00,0,0,0,0.00,0.00,NORMAL
0.00,8,0.00,1.00,0,0,0,0.00,0.00,NORMAL
0.00,5,0.00,1.00,0,0,0,0.00,0.00,NORMAL
0.00,5,0.00,1.00,0,0,0,0.00,0.00,NORMAL
0.00,5,0.00,1.00,0,0,0,0.00,0.00,NORMAL
0.00,8,0.00,1.00,0,0,0,0.00,0.00,NORMAL
0.00,5,0.00,1.00,0,0,0,0.00,0.00,NORMAL
0.00,5,0.00,1.00,0,0,0,0.00,0.00,NORMAL
0.00,7,0.00,1.00,0,0,0,0.00,0.00,NORMAL
0.00,5,0.00,1.00,0,0,0,0.00,0.00,NORMAL
0.00,5,0.00,1.00,0,0,0,0.00,0.00,NORMAL
0.00,7,0.00,1.00,0,0,0,0.00,0.00,NORMAL
0.00,6,0.00,1.00,0,0,0,0.00,0.00,NORMAL
0.00,6,0.00,1.00,0,0,0,0.00,0.00,NORMAL
0.00,7,0.00,1.00,0,0,0,0.00,0.00,NORMAL
0.00,5,0.00,1.00,0,0,0,0.00,0.00,NORMAL
0.00,5,0.00,1.00,0,0,0,0.00,0.00,NORMAL
0.00,6,0.00,1.00,0,0,0,0.00,0.00,NORMAL
0.00,7,0.00,1.00,0,0,0,0.00,0.00,NORMAL
0.00,5,0.00,1.00,0,0,0,0.00,0.00,NORMAL
0.00,5,0.00,1.00,0,0,0,0.00,0.00,NORMAL
0.00,8,0.00,1.00,0,0,0,0.00,0.00,NORMAL
0.00,5,0.00,1.00,0,0,0,0.00,0.00,NORMAL
0.00,5,0.00,1.00,0,0,0,0.00,0.00,NORMAL
0.00,7,0.00,1.00,0,0,0,0.00,0.00,NORMAL
0.00,5,0.00,1.00,0,0,0,0.00,0.00,NORMAL
0.00,5,0.00,1.00,0,0,0,0.00,0.00,NORMAL
0.00,7,0.00,1.00,0,0,0,0.00,0.00,NORMAL
0.00,5,0.00,1.00,0,0,0,0.00,0.00,NORMAL
0.00,6,0.00,1.00,0,0,0,0.00,0.00,NORMAL
0.00,6,0.00,1.00,0,0,0,0.00,0.00,NORMAL
0.00,7,0.00,1.00,0,0,0,0.00,0.00,NORMAL
0.00,5,0.00,1.00,0,0,0,0.00,0.00,NORMAL
0.00,5,0.00,1.00,0,0,0,0.00,0.00,NORMAL
0.00,8,0.00,1.00,0,0,0,0.00,0.00,NORMAL
0.00,5,0.00,1.00,0,0,0,0.00,0.00,NORMAL
0.00,5,0.00,1.00,0,0,0,0.00,0.00,NORMAL
0.00,7,0.00,1.00,0,0,0,0.00,0.00,NORMAL
0.00,6,0.00,1.00,0,0,0,0.00,0.00,NORMAL
0.00,5,0.00,1.00,0,0,0,0.00,0.00,NORMAL
0.00,7,0.00,1.00,0,0,0,0.00,0.00,NORMAL
0.00,5,0.00,1.00,0,0,0,0.00,0.00,NORMAL
0.00,5,0.00,1.00,0,0,0,0.00,0.00,NORMAL
0.00,5,0.00,1.00,0,0,0,0.00,0.00,NORMAL
0.00,7,0.00,1.00,0,0,0,0.00,0.00,NORMAL
0.00,5,0.00,1.00,0,0,0,0.00,0.00,NORMAL
0.00,6,0.00,1.00,0,0,0,0.00,0.00,NORMAL
0.00,8,0.00,1.00,0,0,0,0.00,0.00,NORMAL
0.00,5,0.00,1.00,0,0,0,0.00,0.00,NORMAL
0.00,5,0.00,1.00,0,0,0,0.00,0.00,NORMAL
0.00,5,0.00,1.00,0,0,0,0.00,0.00,NORMAL
0.00,8,0.00,1.00,0,0,0,0.00,0.00,NORMAL
0.00,5,0.00,1.00,0,0,0,0.00,0.00,NORMAL
0.00,7,0.00,1.00,0,0,0,0.00,0.00,NORMAL
0.00,5,0.00,1.00,0,0,0,0.00,0.00,NORMAL
0.00,6,0.00,1.00,0,0,0,0.00,0.00,NORMAL
0.00,7,0.00,1.00,0,0,0,0.00,0.00,NORMAL
0.00,5,0.00,1.00,0,0,0,0.00,0.00,NORMAL
0.00,5,0.00,1.00,0,0,0,0.00,0.00,NORMAL
0.00,7,0.00,1.00,0,0,0,0.00,0.00,NORMAL
0.00,5,0.00,1.00,0,0,0,0.00,0.00,NORMAL
0.00,5,0.00,1.00,0,0,0,0.00,0.00,NORMAL
0.00,8,0.00,1.00,0,0,0,0.00,0.00,NORMAL
0.00,6,0.00,1.00,0,0,0,0.00,0.00,NORMAL
0.00,5,0.00,1.00,0,0,0,0.00,0.00,NORMAL
0.00,7,0.00,1.00,0,0,0,0.00,0.00,NORMAL
0.00,5,0.00,1.00,0,0,0,0.00,0.00,NORMAL
0.00,5,0.00,1.00,0,0,0,0.00,0.00,NORMAL
0.00,8,0.00,1.00,0,0,0,0.00,0.00,NORMAL
0.00,5,0.00,1.00,0,0,0,0.00,0.00,NORMAL
0.00,5,0.00,1.00,0,0,0,0.00,0.00,NORMAL
0.00,7,0.00,1.00,0,0,0,0.00,0.00,NORMAL
0.00,6,0.00,1.00,0,0,0,0.00,0.00,NORMAL
0.00,5,0.00,1.00,0,0,0,0.00,0.00,NORMAL
0.00,7,0.00,1.00,0,0,0,0.00,0.00,NORMAL
2.00,6,0.00,1.00,0,5,5,2.36,0.00,SYNFLOOD
3.40,63,0.90,0.10,0,5,5,0.06,0.00,SYNFLOOD
3.20,79,0.92,0.08,0,5,5,0.57,0.00,SYNFLOOD
1.80,90,0.90,0.10,0,4,0,-1.00,1.00,SYNFLOOD
2.00,162,0.99,0.01,0,4,0,-1.00,1.00,SYNFLOOD
1.80,199,0.99,0.01,0,5,1,371.15,0.80,SYNFLOOD
4.00,204,0.99,0.01,0,5,5,0.06,0.00,SYNFLOOD
2.60,206,0.99,0.01,0,5,5,0.53,0.00,SYNFLOOD
1.00,207,1.00,0.00,0,5,0,-1.00,1.00,SYNFLOOD
1.00,212,1.00,0.00,0,5,0,-1.00,1.00,SYNFLOOD
1.00,214,0.99,0.01,0,5,0,-1.00,1.00,SYNFLOOD
1.00,216,0.99,0.01,0,5,0,-1.00,1.00,SYNFLOOD
1.00,212,1.00,0.00,0,5,0,-1.00,1.00,SYNFLOOD
3.00,222,1.00,0.00,0,4,4,0.03,0.20,SYNFLOOD
3.20,233,1.00,0.00,0,5,5,4.72,0.00,SYNFLOOD
3.40,222,0.99,0.01,0,5,5,6.76,0.00,SYNFLOOD
3.00,7,0.36,0.64,0,5,5,2.69,0.00,SYNFLOOD
3.40,8,0.41,0.59,0,5,5,0.06,0.00,SYNFLOOD
2.60,7,0.18,0.82,0,5,5,0.06,0.00,SYNFLOOD
2.40,9,0.40,0.60,0,5,5,0.06,0.00,SYNFLOOD
3.80,9,0.41,0.59,0,5,5,0.06,0.00,SYNFLOOD
2.60,9,0.00,1.00,0,5,5,0.06,0.00,SYNFLOOD
2.00,5,0.00,1.00,0,5,5,0.06,0.00,SYNFLOOD
2.00,9,0.00,1.00,0,5,5,0.07,0.00,SYNFLOOD
2.00,3,0.00,0.00,0,5,5,1.24,0.00,SYNFLOOD
2.00,6,1.00,0.00,0,5,5,0.06,0.00,SYNFLOOD
4.00,8,0.85,0.10,0,5,5,0.06,0.00,SYNFLOOD
3.00,6,0.92,0.08,0,5,5,0.04,0.00,SYNFLOOD
2.80,7,1.00,0.00,0,5,3,211.92,0.40,SYNFLOOD
3.20,3,1.00,0.00,0,5,5,0.06,0.00,SYNFLOOD
2.40,5,0.80,0.10,0,5,0,-1.00,1.00,SYNFLOOD
2.20,5,1.00,0.00,0,5,0,-1.00,1.00,SYNFLOOD
2.00,6,1.00,0.00,0,5,0,-1.00,1.00,SYNFLOOD
2.60,5,1.00,0.00,0,5,2,0.03,0.60,SYNFLOOD
3.00,6,1.00,0.00,0,5,5,0.06,0.00,SYNFLOOD
2.60,3,1.00,0.00,0,5,0,-1.00,1.00,SYNFLOOD
1.20,5,0.00,0.00,0,5,0,-1.00,1.00,SYNFLOOD
1.00,4,0.00,0.00,0,5,0,-1.00,1.00,SYNFLOOD
1.40,6,0.00,1.00,0,5,2,0.00,0.80,SYNFLOOD
2.00,4,0.00,0.00,0,5,5,4.86,0.00,SYNFLOOD
2.00,3,0.00,0.00,0,5,5,7.75,0.00,SYNFLOOD
1.00,3,0.00,0.00,0,5,0,0.00,0.00,SYNFLOOD
0.80,36,1.00,0.00,0,4,0,-1.00,1.00,SYNFLOOD
1.00,42,1.00,0.00,0,4,1,-1.00,1.00,SYNFLOOD
2.00,41,1.00,0.00,0,5,5,2.67,0.00,SYNFLOOD
2.00,50,1.00,0.00,0,5,5,0.06,0.00,SYNFLOOD
1.00,56,1.00,0.00,0,5,0,-1.00,1.00,SYNFLOOD
1.00,58,1.00,0.00,0,5,0,-1.00,1.00,SYNFLOOD
1.80,51,1.00,0.00,0,5,0,-1.00,1.00,SYNFLOOD
3.00,4,1.00,0.00,0,5,5,0.06,0.00,SYNFLOOD
2.40,3,1.00,0.00,0,5,5,2.36,0.00,SYNFLOOD
2.00,6,1.00,0.00,0,5,0,-1.00,1.00,SYNFLOOD
2.20,5,1.00,0.00,0,5,0,-1.00,1.00,SYNFLOOD
1.60,15,1.00,0.00,0,5,0,-1.00,1.00,SYNFLOOD
3.40,18,1.00,0.00,0,5,5,2.57,0.00,SYNFLOOD
3.60,19,1.00,0.00,0,5,5,0.97,0.00,SYNFLOOD
2.20,17,1.00,0.00,0,5,0,-1.00,1.00,SYNFLOOD
2.40,17,1.00,0.00,0,5,0,-1.00,1.00,SYNFLOOD
2.20,6,0.86,0.14,0,5,0,-1.00,1.00,SYNFLOOD
3.00,5,1.00,0.00,0,5,4,0.06,0.20,SYNFLOOD
3.20,4,1.00,0.00,0,5,5,2.48,0.00,SYNFLOOD
2.20,5,1.00,0.00,0,5,0,-1.00,1.00,SYNFLOOD
2.20,6,1.00,0.00,0,5,0,-1.00,1.00,SYNFLOOD
3.00,5,1.00,0.00,0,5,4,4.08,0.20,SYNFLOOD
3.20,6,1.00,0.00,0,5,5,0.06,0.00,SYNFLOOD
2.80,6,1.00,0.00,0,5,4,110.33,0.20,SYNFLOOD
3.40,3,1.00,0.00,0,5,5,0.06,0.00,SYNFLOOD
3.20,8,0.78,0.11,0,5,5,5.73,0.00,SYNFLOOD
3.20,5,1.00,0.00,0,5,5,4.26,0.00,SYNFLOOD
3.00,6,1.00,0.00,0,5,5,0.10,0.00,SYNFLOOD
3.40,3,1.00,0.00,0,5,5,4.85,0.00,SYNFLOOD
2.80,7,1.00,0.00,0,5,5,0.06,0.00,SYNFLOOD
2.00,5,0.00,0.00,0,5,5,1.35,0.00,SYNFLOOD
2.00,6,0.00,0.00,0,5,5,1.39,0.00,SYNFLOOD
2.00,6,0.00,0.00,0,5,5,0.06,0.00,SYNFLOOD
2.00,7,0.00,0.00,0,5,5,0.06,0.00,SYNFLOOD
2.00,5,0.00,0.00,0,5,5,6.53,0.00,SYNFLOOD
2.00,6,0.00,0.00,0,5,5,1.49,0.00,SYNFLOOD
2.00,6,0.00,1.00,0,5,5,2.25,0.00,SYNFLOOD
2.00,6,0.00,0.00,0,5,5,0.05,0.00,SYNFLOOD
2.00,7,0.00,0.00,0,5,5,0.12,0.00,SYNFLOOD
2.00,3,0.00,0.00,0,5,5,0.05,0.00,SYNFLOOD
2.00,7,0.00,0.00,0,5,5,0.07,0.00,SYNFLOOD
2.00,5,0.00,0.00,0,5,5,0.06,0.00,SYNFLOOD
2.00,6,0.00,0.00,0,5,5,0.06,0.00,SYNFLOOD
2.00,5,0.00,0.00,0,5,5,0.07,0.00,SYNFLOOD
2.00,6,0.00,0.00,0,5,5,0.06,0.00,SYNFLOOD
2.00,6,0.00,0.00,0,5,5,0.06,0.00,SYNFLOOD
2.00,7,0.00,0.00,0,5,5,6.09,0.00,SYNFLOOD
2.00,5,0.00,0.00,0,5,5,1.36,0.00,SYNFLOOD
2.00,6,0.00,0.00,0,5,5,0.07,0.00,SYNFLOOD
2.00,8,0.00,0.67,0,5,5,2.86,0.00,SYNFLOOD
2.00,7,0.00,1.00,0,5,5,0.06,0.00,SYNFLOOD
2.00,7,0.00,1.00,0,5,5,0.06,0.00,SYNFLOOD
2.00,5,0.00,1.00,0,5,5,0.06,0.00,SYNFLOOD
2.00,6,0.00,0.00,0,5,5,0.06,0.00,SYNFLOOD
2.00,6,0.00,0.00,0,5,5,0.05,0.00,SYNFLOOD
2.00,7,0.00,1.00,0,5,5,0.06,0.00,SYNFLOOD
2.00,7,0.00,1.00,0,5,5,0.06,0.00,SYNFLOOD
2.00,6,0.00,0.00,0,5,5,0.06,0.00,SYNFLOOD
2.00,3,0.00,0.00,0,5,5,0.06,0.00,SYNFLOOD
2.00,7,0.00,0.00,0,5,5,0.06,0.00,SYNFLOOD
2.00,7,0.00,1.00,0,5,5,1.82,0.00,SYNFLOOD
2.00,6,0.00,0.00,0,5,5,0.06,0.00,SYNFLOOD
2.00,6,0.00,0.00,0,5,5,0.06,0.00,SYNFLOOD
2.00,3,0.00,0.00,0,5,5,0.06,0.00,SYNFLOOD
2.00,7,0.00,0.00,0,5,5,0.06,0.00,SYNFLOOD
2.00,5,0.00,0.00,0,5,5,0.07,0.00,SYNFLOOD
2.00,4,0.00,0.00,0,5,5,0.06,0.00,SYNFLOOD
2.00,3,0.00,0.00,0,5,5,0.51,0.00,SYNFLOOD
2.00,4,0.00,0.00,0,5,5,0.07,0.00,SYNFLOOD
1.00,2,0.00,0.00,0,5,0,-1.00,1.00,SYNFLOOD
1.00,3,0.00,1.00,0,5,0,-1.00,1.00,SYNFLOOD
1.00,3,0.00,0.00,0,5,0,-1.00,1.00,SYNFLOOD
1.20,6,0.00,0.00,0,5,1,0.00,0.80,SYNFLOOD
2.00,6,0.00,0.00,0,5,5,0.07,0.00,SYNFLOOD
2.00,6,0.00,0.00,0,5,5,0.08,0.00,SYNFLOOD
1.00,3,0.00,0.00,0,5,0,-1.00,1.00,SYNFLOOD
1.00,3,0.00,1.00,0,5,0,-1.00,1.00,SYNFLOOD
1.00,5,0.00,0.00,0,5,0,-1.00,1.00,SYNFLOOD
1.00,2,0.00,0.00,0,5,0,-1.00,1.00,SYNFLOOD
1.00,3,0.00,0.00,0,5,0,-1.00,1.00,SYNFLOOD
1.80,6,0.00,0.00,0,5,4,53.56,0.60,SYNFLOOD
2.00,6,0.00,0.00,0,5,5,1.79,0.00,SYNFLOOD
1.00,2,0.00,0.00,0,5,0,-1.00,1.00,SYNFLOOD
1.00,3,0.00,0.00,0,5,0,-1.00,1.00,SYNFLOOD
1.00,5,0.00,0.00,0,5,0,-1.00,1.00,SYNFLOOD
1.00,2,0.00,0.00,0,5,0,-1.00,1.00,SYNFLOOD
1.00,2,0.00,0.00,0,5,0,-1.00,1.00,SYNFLOOD
1.00,5,0.00,0.00,0,5,0,-1.00,1.00,SYNFLOOD
1.80,6,0.00,0.00,0,5,4,10.13,0.40,SYNFLOOD
2.00,5,0.00,0.00,0,5,5,0.07,0.00,SYNFLOOD
1.00,3,0.00,1.00,0,5,0,-1.00,1.00,SYNFLOOD
1.00,3,0.00,0.00,0,5,0,-1.00,1.00,SYNFLOOD
1.00,3,0.00,0.00,0,5,0,-1.00,1.00,SYNFLOOD
1.00,2,0.00,0.00,0,5,0,-1.00,1.00,SYNFLOOD
1.00,3,0.00,0.00,0,5,0,-1.00,1.00,SYNFLOOD
1.00,4,0.00,0.00,0,5,0,-1.00,1.00,SYNFLOOD
2.20,6,0.00,1.00,0,5,6,3.64,0.20,SYNFLOOD
2.00,5,1.00,0.00,0,5,5,0.07,0.00,SYNFLOOD
2.20,4,1.00,0.00,0,5,0,-1.00,1.00,SYNFLOOD
2.80,3,0.88,0.12,0,5,0,-1.00,1.00,SYNFLOOD
1.60,4,0.40,0.60,0,5,0,-1.00,1.00,SYNFLOOD
2.80,4,0.89,0.11,0,5,0,-1.00,1.00,SYNFLOOD
2.20,4,0.73,0.27,0,5,0,-1.00,1.00,SYNFLOOD
2.20,5,1.00,0.00,0,5,0,-1.00,1.00,SYNFLOOD
3.00,7,1.00,0.00,0,5,5,1.09,0.00,SYNFLOOD
3.00,6,0.88,0.12,0,5,5,0.06,0.00,SYNFLOOD
2.40,4,0.78,0.22,0,5,0,-1.00,1.00,SYNFLOOD
2.40,4,1.00,0.00,0,5,0,-1.00,1.00,SYNFLOOD
1.80,5,1.00,0.00,0,5,0,-1.00,1.00,SYNFLOOD
2.40,4,1.00,0.00,0,5,0,-1.00,1.00,SYNFLOOD
2.40,4,0.88,0.12,0,5,0,-1.00,1.00,SYNFLOOD
2.40,7,0.82,0.18,0,5,2,319.43,0.80,SYNFLOOD
3.40,5,1.00,0.00,0,5,5,0.05,0.00,SYNFLOOD
3.20,4,1.00,0.00,0,5,5,0.05,0.00,SYNFLOOD
2.00,4,1.00,0.00,0,5,0,-1.00,1.00,SYNFLOOD
2.20,3,1.00,0.00,0,5,0,-1.00,1.00,SYNFLOOD
2.40,4,1.00,0.00,0,5,0,-1.00,1.00,SYNFLOOD
2.20,3,1.00,0.00,0,5,0,-1.00,1.00,SYNFLOOD
1.80,6,1.00,0.00,0,5,0,-1.00,1.00,SYNFLOOD
3.20,7,0.90,0.10,0,5,3,487.98,0.80,SYNFLOOD
3.20,6,0.93,0.07,0,5,5,0.05,0.00,SYNFLOOD
3.00,3,1.00,0.00,0,5,5,0.06,0.00,SYNFLOOD
2.40,4,1.00,0.00,0,5,0,-1.00,1.00,SYNFLOOD
2.20,5,1.00,0.00,0,5,0,-1.00,1.00,SYNFLOOD
2.20,4,1.00,0.00,0,5,0,-1.00,1.00,SYNFLOOD
2.20,3,1.00,0.00,0,5,0,-1.00,1.00,SYNFLOOD
2.20,4,1.00,0.00,0,5,0,-1.00,1.00,SYNFLOOD
2.40,7,1.00,0.00,0,5,1,542.43,0.80,SYNFLOOD
3.20,22,1.00,0.00,0,5,5,0.04,0.00,SYNFLOOD
3.20,39,1.00,0.00,0,5,5,3.81,0.00,SYNFLOOD
2.20,6,0.95,0.05,0,5,0,-1.00,1.00,SYNFLOOD
2.20,4,1.00,0.00,0,5,0,-1.00,1.00,SYNFLOOD
2.20,6,1.00,0.00,0,5,0,-1.00,1.00,SYNFLOOD
2.20,18,1.00,0.00,0,5,0,-1.00,1.00,SYNFLOOD
2.20,23,1.00,0.00,0,5,0,-1.00,1.00,SYNFLOOD
2.60,29,1.00,0.00,0,5,2,266.15,0.60,SYNFLOOD
3.20,22,1.00,0.00,0,5,5,0.05,0.00,SYNFLOOD
2.20,26,1.00,0.00,0,5,0,-1.00,1.00,SYNFLOOD
2.20,23,1.00,0.00,0,5,0,-1.00,1.00,SYNFLOOD
2.20,22,1.00,0.00,0,5,0,-1.00,1.00,SYNFLOOD
2.20,20,0.96,0.04,0,5,0,-1.00,1.00,SYNFLOOD
2.20,18,1.00,0.00,0,5,0,-1.00,1.00,SYNFLOOD
2.20,16,1.00,0.00,0,5,0,-1.00,1.00,SYNFLOOD
2.80,21,1.00,0.00,0,5,4,12.04,0.60,SYNFLOOD
3.40,18,1.00,0.00,0,5,5,4.23,0.00,SYNFLOOD
2.20,79,1.00,0.00,0,5,0,-1.00,1.00,SYNFLOOD
1.80,84,1.00,0.00,0,5,0,-1.00,1.00,SYNFLOOD
2.60,19,1.00,0.00,0,5,0,-1.00,1.00,SYNFLOOD
2.00,20,1.00,0.00,0,5,0,-1.00,1.00,SYNFLOOD
2.40,19,1.00,0.00,0,5,0,-1.00,1.00,SYNFLOOD
2.00,19,0.90,0.10,0,5,0,-1.00,1.00,SYNFLOOD
3.40,20,1.00,0.00,0,5,5,4.40,0.20,SYNFLOOD
3.20,118,1.00,0.00,0,5,5,0.06,0.00,SYNFLOOD
1.80,134,1.00,0.00,0,5,0,-1.00,1.00,SYNFLOOD
2.60,24,1.00,0.00,0,5,0,-1.00,1.00,SYNFLOOD
2.20,6,1.00,0.00,0,5,0,-1.00,1.00,SYNFLOOD
2.00,5,1.00,0.00,0,5,0,-1.00,1.00,SYNFLOOD
1.40,11,1.00,0.00,0,5,0,-1.00,1.00,SYNFLOOD
1.00,28,1.00,0.00,0,5,0,-1.00,1.00,SYNFLOOD
2.00,35,1.00,0.00,0,5,5,25.93,0.20,SYNFLOOD
2.00,28,1.00,0.00,0,5,5,0.06,0.00,SYNFLOOD
1.00,32,0.97,0.03,0,5,0,-1.00,1.00,SYNFLOOD
1.00,32,1.00,0.00,0,5,0,-1.00,1.00,SYNFLOOD
1.00,32,1.00,0.00,0,5,0,-1.00,1.00,SYNFLOOD
1.00,29,1.00,0.00,0,5,0,-1.00,1.00,SYNFLOOD
1.00,26,1.00,0.00,0,5,0,-1.00,1.00,SYNFLOOD
3.00,18,1.00,0.00,0,5,0,-1.00,1.00,SYNFLOOD
3.20,18,1.00,0.00,0,5,4,0.92,0.20,SYNFLOOD
3.20,17,1.00,0.00,0,5,5,0.06,0.00,SYNFLOOD
2.20,17,1.00,0.00,0,5,0,-1.00,1.00,SYNFLOOD
2.00,19,0.96,0.04,0,5,0,-1.00,1.00,SYNFLOOD
2.40,20,1.00,0.00,0,5,0,-1.00,1.00,SYNFLOOD
2.00,21,1.00,0.00,0,5,0,-1.00,1.00,SYNFLOOD
2.20,18,1.00,0.00,0,5,0,-1.00,1.00,SYNFLOOD
2.60,20,1.00,0.00,0,5,2,-1.00,1.00,SYNFLOOD
3.20,17,1.00,0.00,0,5,5,1.74,0.00,SYNFLOOD
3.20,17,1.00,0.00,0,5,5,4.59,0.00,SYNFLOOD
1.80,12,1.00,0.00,0,5,0,-1.00,1.00,SYNFLOOD
2.40,17,1.00,0.00,0,5,0,-1.00,1.00,SYNFLOOD
2.60,5,0.85,0.15,0,5,0,-1.00,1.00,SYNFLOOD
2.40,6,0.71,0.29,0,5,1,679.42,0.80,SYNFLOOD
3.00,3,0.82,0.18,0,5,5,2.70,0.00,SYNFLOOD
3.40,13,0.96,0.04,0,5,5,0.05,0.00,SYNFLOOD
2.00,12,1.00,0.00,0,5,0,-1.00,1.00,SYNFLOOD
2.40,12,1.00,0.00,0,5,0,-1.00,1.00,SYNFLOOD
2.20,18,0.96,0.04,0,5,0,-1.00,1.00,SYNFLOOD
2.60,21,1.00,0.00,0,5,2,434.98,0.60,SYNFLOOD
3.00,19,1.00,0.00,0,5,5,0.07,0.00,SYNFLOOD
2.40,16,1.00,0.00,0,5,0,-1.00,1.00,SYNFLOOD
2.00,19,1.00,0.00,0,5,0,-1.00,1.00,SYNFLOOD
2.40,20,0.93,0.07,0,5,0,-1.00,1.00,SYNFLOOD
2.20,18,1.00,0.00,0,5,0,-1.00,1.00,SYNFLOOD
2.20,32,1.00,0.00,0,5,3,19.12,0.60,SYNFLOOD
2.00,19,1.00,0.00,0,5,5,3.19,0.00,SYNFLOOD
1.00,18,1.00,0.00,0,5,0,-1.00,1.00,SYNFLOOD
1.00,5,0.00,0.00,0,5,0,-1.00,1.00,SYNFLOOD
1.00,3,0.00,0.00,0,5,0,-1.00,1.00,SYNFLOOD
1.00,4,0.00,0.00,0,5,0,-1.00,1.00,SYNFLOOD
1.60,28,1.00,0.00,0,5,3,7.36,0.60,SYNFLOOD
2.60,37,1.00,0.00,0,5,5,4.42,0.00,SYNFLOOD
1.20,66,1.00,0.00,0,5,0,-1.00,1.00,SYNFLOOD
1.00,1,0.00,0.00,0,5,0,-1.00,1.00,SYNFLOOD
1.60,6,0.00,0.00,2,4,2,84.77,0.60,SYNFLOOD
2.40,6,0.00,0.00,2,5,5,10.61,0.00,SYNFLOOD
2.40,7,0.00,0.00,2,5,5,11.25,0.00,SYNFLOOD
2.20,6,0.00,0.00,1,5,5,10.87,0.00,SYNFLOOD
2.20,7,0.00,0.00,1,5,5,6.90,0.00,SYNFLOOD
2.20,4,0.00,0.00,1,5,5,5.70,0.00,SYNFLOOD
2.40,5,0.00,0.00,2,5,5,0.07,0.00,SYNFLOOD
2.40,7,0.00,0.00,2,5,5,7.03,0.00,SYNFLOOD
2.20,7,0.00,0.50,1,5,5,3.09,0.00,SYNFLOOD
2.20,4,0.00,0.00,1,5,5,5.49,0.00,SYNFLOOD
2.20,4,0.00,0.00,1,5,5,0.50,0.00,SYNFLOOD
2.20,4,0.00,0.00,1,5,5,3.76,0.00,SYNFLOOD
2.00,5,0.00,0.00,0,5,5,0.05,0.00,SYNFLOOD
2.20,4,0.00,0.00,1,5,5,0.07,0.00,SYNFLOOD
2.20,6,0.00,0.00,1,5,5,6.24,0.00,SYNFLOOD
2.20,6,0.00,0.00,1,5,5,0.07,0.00,SYNFLOOD
2.20,4,0.00,0.00,1,5,5,1.41,0.00,SYNFLOOD
2.00,2,0.00,0.00,0,5,5,3.42,0.00,SYNFLOOD
2.20,4,0.00,0.00,1,5,5,0.83,0.00,SYNFLOOD
2.00,6,0.00,0.50,0,5,5,5.42,0.00,SYNFLOOD
2.00,4,0.00,0.00,0,5,5,0.05,0.00,SYNFLOOD
2.00,2,0.00,0.00,0,5,5,3.31,0.00,SYNFLOOD
2.00,4,0.00,0.00,0,5,5,0.06,0.00,SYNFLOOD
2.00,2,0.00,0.00,0,5,5,4.63,0.00,SYNFLOOD
2.00,2,0.00,0.00,0,5,5,3.79,0.00,SYNFLOOD
2.00,2,0.00,0.00,0,5,5,4.54,0.00,SYNFLOOD
2.00,4,0.00,0.00,0,5,5,0.07,0.00,SYNFLOOD
2.00,2,0.00,0.00,0,5,5,1.18,0.00,SYNFLOOD
2.00,2,0.00,0.00,0,5,5,0.06,0.00,SYNFLOOD
2.00,2,0.00,0.00,0,5,5,4.67,0.00,SYNFLOOD
2.00,4,0.00,0.00,0,5,5,0.05,0.00,SYNFLOOD
2.00,2,0.00,0.00,0,5,5,0.52,0.00,SYNFLOOD
2.00,2,0.00,0.00,0,5,5,5.43,0.00,SYNFLOOD
2.00,4,0.00,0.00,0,5,5,0.07,0.00,SYNFLOOD
2.00,2,0.00,0.00,0,5,5,4.72,0.00,SYNFLOOD
2.00,2,0.00,0.00,0,5,5,0.30,0.00,SYNFLOOD
2.00,2,0.00,0.00,0,5,5,1.76,0.00,SYNFLOOD
2.00,2,0.00,0.00,0,5,5,0.74,0.00,SYNFLOOD
2.00,4,0.00,0.00,0,5,5,0.06,0.00,SYNFLOOD
2.00,2,0.00,0.00,0,5,5,0.05,0.00,SYNFLOOD
2.00,4,0.00,0.00,0,5,5,1.60,0.00,SYNFLOOD
2.00,2,0.00,0.00,0,5,5,0.06,0.00,SYNFLOOD
2.00,2,0.00,0.00,0,5,5,0.07,0.00,SYNFLOOD
2.00,2,0.00,0.00,0,5,5,0.05,0.00,SYNFLOOD
2.00,2,0.00,0.00,0,5,5,0.06,0.00,SYNFLOOD
2.00,2,0.00,0.00,0,5,5,0.05,0.00,SYNFLOOD
2.00,4,0.00,0.00,0,5,5,0.07,0.00,SYNFLOOD
2.00,4,0.00,0.00,0,5,5,1.46,0.00,SYNFLOOD
2.00,2,0.00,0.00,0,5,5,0.06,0.00,SYNFLOOD
2.00,60,1.00,0.00,0,5,5,2.75,0.00,SYNFLOOD
3.80,139,1.00,0.00,0,5,5,0.04,0.00,SYNFLOOD
3.20,141,1.00,0.00,0,5,5,5.32,0.00,SYNFLOOD
3.20,148,1.00,0.00,0,5,5,2.79,0.00,SYNFLOOD
3.20,156,1.00,0.00,0,5,5,5.59,0.00,SYNFLOOD
3.20,164,1.00,0.00,0,5,5,2.97,0.00,SYNFLOOD
3.20,156,1.00,0.00,0,5,5,5.80,0.00,SYNFLOOD
3.20,153,1.00,0.00,0,5,5,4.90,0.00,SYNFLOOD
3.20,131,1.00,0.00,0,5,5,0.06,0.00,SYNFLOOD
3.20,28,1.00,0.00,0,5,5,0.06,0.00,SYNFLOOD
3.20,24,1.00,0.00,0,5,5,2.15,0.00,SYNFLOOD
2.60,2,1.00,0.00,0,5,5,0.06,0.00,SYNFLOOD
3.80,10,1.00,0.00,0,5,5,0.06,0.00,SYNFLOOD
3.20,18,1.00,0.00,0,5,5,1.57,0.00,SYNFLOOD
2.80,5,1.00,0.00,0,5,5,0.06,0.00,SYNFLOOD
3.40,4,1.00,0.00,0,5,5,0.07,0.00,SYNFLOOD
3.20,4,1.00,0.00,0,5,5,0.05,0.00,SYNFLOOD
3.00,4,1.00,0.00,0,5,5,0.06,0.00,SYNFLOOD
3.20,4,1.00,0.00,0,5,5,1.02,0.00,SYNFLOOD
3.40,6,1.00,0.00,0,5,5,0.05,0.00,SYNFLOOD
2.20,2,1.00,0.00,0,5,5,2.17,0.00,SYNFLOOD
2.40,4,1.00,0.00,0,5,5,63.30,0.00,SYNFLOOD
2.20,3,1.00,0.00,0,5,5,6.65,0.00,SYNFLOOD
3.40,4,1.00,0.00,0,5,5,0.32,0.00,SYNFLOOD
3.40,2,1.00,0.00,0,5,5,0.06,0.00,SYNFLOOD
3.00,4,1.00,0.00,0,5,5,0.06,0.00,SYNFLOOD
3.80,9,1.00,0.00,0,5,5,0.06,0.00,SYNFLOOD
3.00,18,1.00,0.00,0,5,5,0.06,0.00,SYNFLOOD
3.00,17,1.00,0.00,0,5,5,0.07,0.00,SYNFLOOD
3.20,19,1.00,0.00,0,5,5,0.06,0.00,SYNFLOOD
3.40,17,1.00,0.00,0,5,5,0.05,0.00,SYNFLOOD
3.40,17,1.00,0.00,0,5,5,0.08,0.00,SYNFLOOD
3.00,20,1.00,0.00,0,5,5,0.07,0.00,SYNFLOOD
3.40,16,1.00,0.00,0,5,5,0.06,0.00,SYNFLOOD
3.20,2,1.00,0.00,0,5,5,0.05,0.00,SYNFLOOD
3.20,6,1.00,0.00,0,5,5,0.28,0.00,SYNFLOOD
3.00,18,1.00,0.00,0,5,5,0.06,0.00,SYNFLOOD
3.00,16,1.00,0.00,0,5,5,0.06,0.00,SYNFLOOD
3.40,18,1.00,0.00,0,5,5,0.06,0.00,SYNFLOOD
3.20,20,1.00,0.00,0,5,5,0.05,0.00,SYNFLOOD
3.20,18,1.00,0.00,0,5,5,0.21,0.00,SYNFLOOD
3.20,16,1.00,0.00,0,5,5,0.06,0.00,SYNFLOOD
3.00,18,1.00,0.00,0,5,5,0.27,0.00,SYNFLOOD
3.00,32,1.00,0.00,0,5,5,4.00,0.00,SYNFLOOD
2.20,33,1.00,0.00,0,5,5,0.05,0.00,SYNFLOOD
3.00,74,1.00,0.00,0,5,5,0.05,0.00,SYNFLOOD
4.00,91,1.00,0.00,0,5,5,120.87,0.00,SYNFLOOD
3.00,28,1.00,0.00,0,5,5,0.06,0.00,SYNFLOOD
3.00,27,1.00,0.00,0,5,5,0.28,0.00,SYNFLOOD
0.00,2,1.00,0.00,0,0,0,18.40,0.40,SYNFLOOD
0.00,64,1.00,0.00,0,0,0,43.47,0.40,SYNFLOOD
1.80,76,1.00,0.00,0,5,0,-1.00,1.00,SYNFLOOD
2.20,48,1.00,0.00,0,5,0,-1.00,1.00,SYNFLOOD
0.00,1,1.00,0.00,0,0,0,0.00,0.00,SYNFLOOD
1.40,16,1.00,0.00,0,0,0,0.00,0.00,SYNFLOOD
0.00,57,1.00,0.00,0,0,0,0.00,0.00,SYNFLOOD
1.40,2,1.00,0.00,0,0,0,0.00,0.00,SYNFLOOD
0.60,49,1.00,0.00,0,0,0,0.00,0.00,SYNFLOOD
382.60,6,0.00,1.00,0,957,956,5.27,0.00,ICMPFLOOD
534.40,8,0.00,1.00,0,1336,1336,0.03,0.00,ICMPFLOOD
591.20,9,0.00,1.00,0,1478,1478,0.01,0.00,ICMPFLOOD
650.00,7,0.00,1.00,0,1625,1625,0.02,0.00,ICMPFLOOD
671.20,8,0.00,1.00,0,1678,1678,0.53,0.00,ICMPFLOOD
679.60,8,0.00,1.00,0,1699,1699,0.04,0.00,ICMPFLOOD
682.40,9,0.00,1.00,0,1706,1706,0.04,0.00,ICMPFLOOD
704.80,10,0.00,1.00,0,1762,1762,0.03,0.00,ICMPFLOOD
636.80,8,0.00,1.00,0,1592,1592,0.02,0.00,ICMPFLOOD
620.80,9,0.00,1.00,0,1552,1552,0.04,0.00,ICMPFLOOD
479.60,7,0.00,1.00,0,823,758,0.03,0.00,ICMPFLOOD
283.60,8,0.00,1.00,0,259,105,253.02,0.60,ICMPFLOOD
676.20,8,0.00,1.00,0,402,476,107.77,0.40,ICMPFLOOD
869.20,8,0.00,1.00,0,571,629,0.04,0.00,ICMPFLOOD
704.80,5,0.00,0.00,0,454,495,3.65,0.00,ICMPFLOOD
535.00,6,0.00,1.00,0,340,367,0.03,0.00,ICMPFLOOD
511.00,8,0.00,1.00,0,278,304,196.43,0.00,ICMPFLOOD
570.00,7,0.00,1.00,0,355,312,258.92,0.40,ICMPFLOOD
641.80,6,0.00,1.00,0,387,432,0.02,0.00,ICMPFLOOD
773.00,8,0.00,1.00,0,533,558,0.03,0.00,ICMPFLOOD
633.60,8,0.00,1.00,0,363,396,0.01,0.00,ICMPFLOOD
296.40,6,0.00,1.00,0,204,162,229.72,0.40,ICMPFLOOD
635.40,9,0.00,1.00,0,428,426,462.48,0.60,ICMPFLOOD
585.20,9,0.00,1.00,0,1463,1462,0.03,0.00,ICMPFLOOD
869.00,8,0.00,1.00,0,1330,1330,0.05,0.00,ICMPFLOOD
925.80,10,0.00,1.00,0,1247,1245,0.04,0.00,ICMPFLOOD
892.60,8,0.00,1.00,0,1183,1181,0.03,0.00,ICMPFLOOD
938.40,8,0.00,1.00,0,1237,1234,0.03,0.00,ICMPFLOOD
958.20,11,0.00,1.00,0,1265,1266,0.04,0.00,ICMPFLOOD
992.80,8,0.00,1.00,0,1352,1352,0.03,0.00,ICMPFLOOD
957.00,8,0.00,1.00,0,1317,1318,0.02,0.00,ICMPFLOOD
1008.00,10,0.00,1.00,0,1325,1325,0.03,0.00,ICMPFLOOD
948.60,8,0.00,1.00,0,1282,1281,0.04,0.00,ICMPFLOOD
955.80,8,0.00,1.00,0,1294,1292,0.04,0.00,ICMPFLOOD
1013.20,8,0.00,1.00,0,1333,1333,0.03,0.00,ICMPFLOOD
956.60,10,0.00,1.00,0,1281,1282,0.07,0.00,ICMPFLOOD
976.80,10,0.00,1.00,0,1322,1322,0.02,0.00,ICMPFLOOD
891.00,11,0.00,1.00,0,1197,1194,0.05,0.00,ICMPFLOOD
911.80,8,0.00,1.00,0,1243,1242,0.04,0.00,ICMPFLOOD
958.80,8,0.00,1.00,0,1308,1308,0.03,0.00,ICMPFLOOD
909.20,9,0.00,1.00,0,1218,1218,0.04,0.00,ICMPFLOOD
985.00,10,0.00,1.00,0,1293,1292,0.05,0.00,ICMPFLOOD
857.20,8,0.00,1.00,0,1159,1157,0.05,0.00,ICMPFLOOD
941.00,10,0.00,1.00,0,1254,1255,0.04,0.00,ICMPFLOOD
882.80,8,0.00,1.00,0,1190,1190,1.53,0.00,ICMPFLOOD
902.20,9,0.00,1.00,0,1194,1193,0.03,0.00,ICMPFLOOD
912.60,8,0.00,1.00,0,1193,1194,0.03,0.00,ICMPFLOOD
803.20,8,0.00,1.00,0,1038,1036,0.08,0.00,ICMPFLOOD
805.60,10,0.00,1.00,0,1095,1095,0.05,0.00,ICMPFLOOD
871.00,10,0.00,1.00,0,1164,1164,1.79,0.00,ICMPFLOOD
817.00,8,0.00,1.00,0,1081,1081,5.13,0.00,ICMPFLOOD
765.00,8,0.00,1.00,0,1012,1011,0.03,0.00,ICMPFLOOD
830.00,8,0.00,1.00,0,1111,1111,0.08,0.00,ICMPFLOOD
800.00,10,0.00,1.00,0,1085,1085,0.02,0.00,ICMPFLOOD
906.60,11,0.00,1.00,0,1181,1182,0.07,0.00,ICMPFLOOD
931.20,10,0.00,1.00,0,1213,1213,0.06,0.00,ICMPFLOOD
929.00,9,0.00,1.00,0,1206,1205,0.05,0.00,ICMPFLOOD
841.20,8,0.00,1.00,0,1103,1099,1.16,0.00,ICMPFLOOD
826.20,8,0.00,1.00,0,1085,1083,0.05,0.00,ICMPFLOOD
862.20,8,0.00,1.00,0,1157,1157,0.04,0.00,ICMPFLOOD
862.60,8,0.00,1.00,0,1112,1111,5.21,0.00,ICMPFLOOD
840.20,11,0.00,1.00,0,1087,1085,0.05,0.00,ICMPFLOOD
816.20,8,0.00,1.00,0,1050,1044,6.14,0.00,ICMPFLOOD
844.00,8,0.00,1.00,0,1070,1063,0.05,0.00,ICMPFLOOD
875.60,7,0.00,1.00,0,1148,1146,0.03,0.00,ICMPFLOOD
689.60,8,0.00,1.00,0,908,901,0.12,0.00,ICMPFLOOD
817.80,7,0.00,1.00,0,1089,1085,0.04,0.00,ICMPFLOOD
799.20,11,0.00,1.00,0,1056,1056,4.62,0.00,ICMPFLOOD
804.40,8,0.00,1.00,0,1064,1062,0.04,0.00,ICMPFLOOD
809.40,10,0.00,1.00,0,1011,1010,0.05,0.00,ICMPFLOOD
739.40,9,0.00,1.00,0,949,945,0.05,0.00,ICMPFLOOD
851.40,7,0.00,1.00,0,1139,1137,0.07,0.00,ICMPFLOOD
793.80,8,0.00,1.00,0,1062,1057,0.06,0.00,ICMPFLOOD
756.80,9,0.00,1.00,0,972,970,1.80,0.00,ICMPFLOOD
784.80,10,0.00,1.00,0,1024,1018,0.05,0.00,ICMPFLOOD
752.00,8,0.00,1.00,0,979,975,0.04,0.00,ICMPFLOOD
789.40,8,0.00,1.00,0,1030,1027,3.64,0.00,ICMPFLOOD
705.20,7,0.00,1.00,0,908,907,0.05,0.00,ICMPFLOOD
741.40,9,0.00,1.00,0,977,973,0.04,0.00,ICMPFLOOD
789.20,10,0.00,1.00,0,1046,1046,0.04,0.00,ICMPFLOOD
797.00,10,0.00,1.00,0,1050,1048,0.03,0.00,ICMPFLOOD
767.80,8,0.00,1.00,0,973,971,0.04,0.00,ICMPFLOOD
789.00,8,0.00,1.00,0,1012,1012,0.80,0.00,ICMPFLOOD
781.80,10,0.00,1.00,0,1021,1018,0.04,0.00,ICMPFLOOD
285.00,6,0.00,1.00,0,389,378,0.05,0.00,ICMPFLOOD
744.20,10,0.00,1.00,0,960,959,0.05,0.00,ICMPFLOOD
715.80,10,0.00,1.00,0,931,928,0.04,0.00,ICMPFLOOD
735.40,11,0.00,1.00,0,964,958,0.05,0.00,ICMPFLOOD
764.40,7,0.00,1.00,0,998,995,0.04,0.00,ICMPFLOOD
687.60,8,0.00,1.00,0,1134,1133,0.06,0.00,ICMPFLOOD
771.20,9,0.00,1.00,0,860,849,1.46,0.00,ICMPFLOOD
674.00,8,0.00,1.00,0,643,633,0.04,0.00,ICMPFLOOD
346.20,7,0.00,1.00,0,312,294,0.06,0.00,ICMPFLOOD
468.40,6,0.00,1.00,0,419,410,0.03,0.00,ICMPFLOOD
449.00,6,0.00,1.00,0,208,184,0.07,0.00,ICMPFLOOD
298.80,7,0.00,1.00,0,140,123,0.06,0.00,ICMPFLOOD
278.60,5,0.00,1.00,0,133,110,0.05,0.00,ICMPFLOOD
255.60,5,0.00,0.00,0,123,101,3.09,0.00,ICMPFLOOD
138.00,4,0.00,1.00,0,71,54,0.05,0.00,ICMPFLOOD
358.40,5,0.00,1.00,0,174,142,0.08,0.00,ICMPFLOOD
333.80,5,0.00,0.00,0,166,131,2.18,0.00,ICMPFLOOD
289.80,5,0.00,1.00,0,142,114,0.06,0.00,ICMPFLOOD
352.20,6,0.00,1.00,0,181,137,0.06,0.00,ICMPFLOOD
360.40,7,0.00,0.00,0,174,143,5.25,0.00,ICMPFLOOD
211.60,5,0.00,1.00,0,102,84,0.22,0.00,ICMPFLOOD
325.40,7,0.00,1.00,0,161,129,4.89,0.00,ICMPFLOOD
396.00,5,0.00,1.00,0,182,159,0.53,0.00,ICMPFLOOD
352.40,8,0.00,1.00,0,171,140,0.09,0.00,ICMPFLOOD
406.60,7,0.00,1.00,0,184,168,5.23,0.00,ICMPFLOOD
329.00,7,0.00,1.00,0,151,134,6.48,0.00,ICMPFLOOD
403.00,7,0.00,1.00,0,181,165,7.84,0.00,ICMPFLOOD
343.00,7,0.00,1.00,0,156,139,4.23,0.00,ICMPFLOOD
425.40,10,0.00,1.00,0,194,172,0.06,0.00,ICMPFLOOD
422.20,7,0.00,1.00,0,191,171,0.06,0.00,ICMPFLOOD
401.40,6,0.00,1.00,0,186,161,0.03,0.00,ICMPFLOOD
447.40,6,0.00,1.00,0,211,180,0.05,0.00,ICMPFLOOD
369.40,5,0.00,0.00,0,168,148,0.05,0.00,ICMPFLOOD
391.00,8,0.00,1.00,0,183,159,0.03,0.00,ICMPFLOOD
385.60,4,0.00,1.00,0,179,156,8.65,0.00,ICMPFLOOD
353.40,6,0.00,1.00,0,165,143,0.05,0.00,ICMPFLOOD
412.40,9,0.00,1.00,0,190,167,0.06,0.00,ICMPFLOOD
385.20,10,0.00,1.00,0,175,159,0.04,0.00,ICMPFLOOD
371.60,6,0.00,1.00,0,181,150,0.06,0.00,ICMPFLOOD
406.40,6,0.00,1.00,0,185,164,0.05,0.00,ICMPFLOOD
368.40,7,0.00,1.00,0,187,146,2.21,0.00,ICMPFLOOD
429.00,8,0.00,1.00,0,197,173,0.06,0.00,ICMPFLOOD
400.80,7,0.00,1.00,0,188,163,0.03,0.00,ICMPFLOOD
383.40,5,0.00,1.00,0,170,157,0.04,0.00,ICMPFLOOD
206.80,4,0.00,1.00,0,99,82,0.04,0.00,ICMPFLOOD
399.00,8,0.00,1.00,0,193,161,2.55,0.00,ICMPFLOOD
361.00,7,0.00,1.00,0,169,147,10.64,0.00,ICMPFLOOD
429.40,9,0.00,1.00,0,196,178,0.04,0.00,ICMPFLOOD
463.60,4,0.00,0.00,0,212,193,0.18,0.00,ICMPFLOOD
441.00,5,0.00,1.00,0,200,177,0.06,0.00,ICMPFLOOD
408.00,7,0.00,1.00,0,185,165,0.02,0.00,ICMPFLOOD
392.40,7,0.00,1.00,0,187,158,0.06,0.00,ICMPFLOOD
451.80,10,0.00,1.00,0,203,186,8.62,0.00,ICMPFLOOD
294.40,5,0.00,1.00,0,136,118,0.06,0.00,ICMPFLOOD
424.20,7,0.00,1.00,0,187,176,0.04,0.00,ICMPFLOOD
377.20,4,0.00,1.00,0,166,153,0.06,0.00,ICMPFLOOD
368.20,7,0.00,1.00,0,177,151,0.03,0.00,ICMPFLOOD
313.80,6,0.00,1.00,0,140,128,0.13,0.00,ICMPFLOOD
328.80,10,0.00,1.00,0,158,130,2.67,0.00,ICMPFLOOD
116.60,7,0.00,1.00,0,62,46,0.87,0.00,ICMPFLOOD
132.80,6,0.00,1.00,0,73,51,0.05,0.00,ICMPFLOOD
312.20,6,0.00,1.00,0,142,127,0.07,0.00,ICMPFLOOD
409.60,6,0.00,1.00,0,193,165,6.91,0.00,ICMPFLOOD
142.60,5,0.00,1.00,0,77,56,0.04,0.00,ICMPFLOOD
414.20,7,0.00,1.00,0,198,168,1.44,0.00,ICMPFLOOD
376.60,8,0.00,1.00,0,176,153,0.04,0.00,ICMPFLOOD
433.80,5,0.00,1.00,0,197,177,0.05,0.00,ICMPFLOOD
419.40,5,0.00,1.00,0,195,169,0.05,0.00,ICMPFLOOD
401.40,5,0.00,0.00,0,196,163,0.05,0.00,ICMPFLOOD
126.60,4,0.00,1.00,0,65,49,0.04,0.00,ICMPFLOOD
332.80,7,0.00,1.00,0,160,133,0.05,0.00,ICMPFLOOD
337.80,7,0.00,1.00,0,162,133,0.06,0.00,ICMPFLOOD
400.60,6,0.00,1.00,0,186,165,0.05,0.00,ICMPFLOOD
444.20,7,0.00,1.00,0,196,182,4.30,0.00,ICMPFLOOD
338.80,6,0.00,1.00,0,152,140,0.06,0.00,ICMPFLOOD
463.40,7,0.00,1.00,0,215,186,1.56,0.00,ICMPFLOOD
424.20,8,0.00,1.00,0,193,175,22.80,0.00,ICMPFLOOD
322.60,4,0.00,1.00,0,160,128,0.06,0.00,ICMPFLOOD
366.80,6,0.00,1.00,0,176,145,0.03,0.00,ICMPFLOOD
163.20,5,0.00,1.00,0,83,67,0.07,0.00,ICMPFLOOD
393.40,6,0.00,1.00,0,180,160,0.05,0.00,ICMPFLOOD
368.60,6,0.00,1.00,0,178,148,4.43,0.00,ICMPFLOOD
358.20,5,0.00,0.00,0,167,146,0.05,0.00,ICMPFLOOD
464.80,6,0.00,1.00,0,207,190,0.06,0.00,ICMPFLOOD
444.60,6,0.00,1.00,0,197,184,0.05,0.00,ICMPFLOOD
266.20,6,0.00,1.00,0,133,108,0.06,0.00,ICMPFLOOD
371.60,5,0.00,0.00,0,180,152,0.04,0.00,ICMPFLOOD
349.40,8,0.00,1.00,0,161,143,2.02,0.00,ICMPFLOOD
348.60,8,0.00,1.00,0,165,142,0.04,0.00,ICMPFLOOD
339.20,5,0.00,1.00,0,161,133,0.03,0.00,ICMPFLOOD
144.60,5,0.00,1.00,0,73,60,0.04,0.00,ICMPFLOOD
317.20,8,0.00,1.00,0,151,126,0.64,0.00,ICMPFLOOD
469.40,8,0.00,1.00,0,205,193,0.02,0.00,ICMPFLOOD
437.60,7,0.00,1.00,0,200,178,0.11,0.00,ICMPFLOOD
443.40,6,0.00,1.00,0,204,181,0.03,0.00,ICMPFLOOD
388.40,6,0.00,1.00,0,187,155,0.03,0.00,ICMPFLOOD
377.00,8,0.00,1.00,0,184,153,0.05,0.00,ICMPFLOOD
378.80,6,0.00,1.00,0,172,153,0.07,0.00,ICMPFLOOD
419.40,9,0.00,1.00,0,197,171,0.04,0.00,ICMPFLOOD
415.00,6,0.00,1.00,0,192,167,0.03,0.00,ICMPFLOOD
273.40,5,0.00,1.00,0,138,108,2.59,0.00,ICMPFLOOD
349.80,5,0.00,1.00,0,168,137,0.03,0.00,ICMPFLOOD
392.60,7,0.00,1.00,0,182,160,0.17,0.00,ICMPFLOOD
375.80,8,0.00,1.00,0,174,155,0.06,0.00,ICMPFLOOD
467.60,7,0.00,1.00,0,210,192,0.05,0.00,ICMPFLOOD
437.00,6,0.00,1.00,0,198,178,0.05,0.00,ICMPFLOOD
412.00,5,0.00,1.00,0,199,168,0.03,0.00,ICMPFLOOD
397.40,7,0.00,1.00,0,179,162,0.05,0.00,ICMPFLOOD
392.60,7,0.00,1.00,0,185,161,0.04,0.00,ICMPFLOOD
419.60,6,0.00,1.00,0,199,169,0.04,0.00,ICMPFLOOD
428.20,6,0.00,1.00,0,201,172,0.05,0.00,ICMPFLOOD
327.40,6,0.00,1.00,0,147,134,0.05,0.00,ICMPFLOOD
370.00,5,0.00,1.00,0,175,148,0.06,0.00,ICMPFLOOD
405.80,8,0.00,1.00,0,193,161,0.04,0.00,ICMPFLOOD
439.20,5,0.00,1.00,0,203,182,0.06,0.00,ICMPFLOOD
401.40,5,0.00,1.00,0,188,161,0.06,0.00,ICMPFLOOD
360.20,6,0.00,1.00,0,175,145,0.05,0.00,ICMPFLOOD
363.80,5,0.00,1.00,0,173,146,0.06,0.00,ICMPFLOOD
153.40,6,0.00,1.00,0,74,64,0.07,0.00,ICMPFLOOD
339.40,5,0.00,1.00,0,157,135,1.56,0.00,ICMPFLOOD
415.60,7,0.00,1.00,0,201,167,0.10,0.00,ICMPFLOOD
361.80,6,0.00,1.00,0,171,146,0.07,0.00,ICMPFLOOD
426.00,7,0.00,1.00,0,201,174,1.30,0.00,ICMPFLOOD
400.00,6,0.00,1.00,0,179,163,0.04,0.00,ICMPFLOOD
424.80,6,0.00,1.00,0,200,172,0.04,0.00,ICMPFLOOD
136.80,5,0.00,1.00,0,73,57,0.05,0.00,ICMPFLOOD
297.40,5,0.00,1.00,0,146,120,0.06,0.00,ICMPFLOOD
415.20,6,0.00,1.00,0,188,172,0.13,0.00,ICMPFLOOD
379.40,6,0.00,1.00,0,185,151,0.04,0.00,ICMPFLOOD
123.00,3,0.00,1.00,0,62,48,0.06,0.00,ICMPFLOOD
369.00,6,0.00,1.00,0,181,151,0.06,0.00,ICMPFLOOD
365.80,6,0.00,1.00,0,166,152,0.05,0.00,ICMPFLOOD
335.20,5,0.00,1.00,0,161,133,0.05,0.00,ICMPFLOOD
415.40,7,0.00,1.00,0,196,169,0.06,0.00,ICMPFLOOD
409.60,6,0.00,1.00,0,187,169,0.04,0.00,ICMPFLOOD
211.20,6,0.00,1.00,0,109,88,0.04,0.00,ICMPFLOOD
350.40,7,0.00,1.00,0,161,145,0.03,0.00,ICMPFLOOD
446.40,6,0.00,1.00,0,207,185,0.06,0.00,ICMPFLOOD
413.00,7,0.00,1.00,0,190,170,0.04,0.00,ICMPFLOOD
370.20,6,0.00,1.00,0,175,151,0.07,0.00,ICMPFLOOD
375.60,6,0.00,1.00,0,174,154,0.05,0.00,ICMPFLOOD
385.40,7,0.00,1.00,0,181,158,0.05,0.00,ICMPFLOOD
421.80,9,0.00,1.00,0,193,171,0.04,0.00,ICMPFLOOD
412.40,7,0.00,1.00,0,185,169,0.06,0.00,ICMPFLOOD
352.60,5,0.00,1.00,0,160,144,3.04,0.00,ICMPFLOOD
110.60,5,0.00,1.00,0,60,44,0.06,0.00,ICMPFLOOD
421.00,6,0.00,1.00,0,194,168,0.05,0.00,ICMPFLOOD
377.60,7,0.00,1.00,0,178,152,0.04,0.00,ICMPFLOOD
272.20,7,0.00,1.00,0,131,112,0.07,0.00,ICMPFLOOD
145.20,5,0.00,1.00,0,73,58,1.91,0.00,ICMPFLOOD
275.80,5,0.00,1.00,0,133,108,5.91,0.00,ICMPFLOOD
401.00,5,0.00,1.00,0,186,161,0.06,0.00,ICMPFLOOD
456.20,6,0.00,0.00,0,212,188,0.05,0.00,ICMPFLOOD
414.00,4,0.00,1.00,0,190,167,0.07,0.00,ICMPFLOOD
405.60,6,0.00,1.00,0,193,164,0.05,0.00,ICMPFLOOD
461.20,6,0.00,1.00,0,204,191,0.06,0.00,ICMPFLOOD
353.20,8,0.00,1.00,0,164,143,0.05,0.00,ICMPFLOOD
446.00,7,0.00,1.00,0,204,186,0.06,0.00,ICMPFLOOD
434.80,5,0.00,1.00,0,201,176,0.05,0.00,ICMPFLOOD
393.00,8,0.00,1.00,0,196,155,0.06,0.00,ICMPFLOOD
410.80,6,0.00,1.00,0,190,166,0.88,0.00,ICMPFLOOD
412.00,5,0.00,1.00,0,190,166,0.05,0.00,ICMPFLOOD
415.20,6,0.00,0.00,0,194,170,0.05,0.00,ICMPFLOOD
411.80,9,0.00,1.00,0,192,166,0.07,0.00,ICMPFLOOD
383.60,7,0.00,1.00,0,177,156,0.05,0.00,ICMPFLOOD
417.00,6,0.00,1.00,0,196,170,0.05,0.00,ICMPFLOOD
408.00,4,0.00,0.00,0,194,161,0.13,0.00,ICMPFLOOD
425.40,6,0.00,1.00,0,187,176,0.05,0.00,ICMPFLOOD
381.80,5,0.00,1.00,0,182,153,0.06,0.00,ICMPFLOOD
336.80,6,0.00,1.00,0,160,134,0.05,0.00,ICMPFLOOD
144.60,6,0.00,1.00,0,73,58,0.05,0.00,ICMPFLOOD
432.20,6,0.00,1.00,0,201,177,0.06,0.00,ICMPFLOOD
407.80,7,0.00,1.00,0,193,169,0.06,0.00,ICMPFLOOD
391.00,7,0.00,1.00,0,188,155,0.06,0.00,ICMPFLOOD
296.00,5,0.00,1.00,0,140,118,0.06,0.00,ICMPFLOOD
373.60,7,0.00,1.00,0,175,151,0.04,0.00,ICMPFLOOD
266.40,8,0.00,1.00,0,127,106,0.07,0.00,ICMPFLOOD
398.00,8,0.00,1.00,0,178,163,7.55,0.00,ICMPFLOOD
423.00,5,0.00,1.00,0,188,173,0.04,0.00,ICMPFLOOD
405.80,7,0.00,1.00,0,192,160,0.04,0.00,ICMPFLOOD
126.80,4,0.00,1.00,0,63,49,0.06,0.00,ICMPFLOOD
335.40,6,0.00,1.00,0,150,137,0.06,0.00,ICMPFLOOD
431.80,5,0.00,1.00,0,190,179,0.05,0.00,ICMPFLOOD
240.20,5,0.00,1.00,0,112,96,0.05,0.00,ICMPFLOOD
391.00,8,0.00,1.00,0,183,162,0.05,0.00,ICMPFLOOD
378.40,6,0.00,1.00,0,179,151,5.44,0.00,ICMPFLOOD
393.40,4,0.00,0.00,0,186,155,0.04,0.00,ICMPFLOOD
459.40,7,0.00,1.00,0,204,189,0.04,0.00,ICMPFLOOD
334.60,9,0.00,1.00,0,153,140,0.08,0.00,ICMPFLOOD
232.20,6,0.00,1.00,0,112,91,0.06,0.00,ICMPFLOOD
348.40,6,0.00,1.00,0,167,139,0.05,0.00,ICMPFLOOD
422.00,8,0.00,1.00,0,187,171,0.04,0.00,ICMPFLOOD
402.80,5,0.00,1.00,0,183,163,5.33,0.00,ICMPFLOOD
426.20,7,0.00,1.00,0,193,177,0.05,0.00,ICMPFLOOD
414.60,7,0.00,1.00,0,190,169,0.06,0.00,ICMPFLOOD
139.80,5,0.00,1.00,0,78,57,0.05,0.00,ICMPFLOOD
370.60,7,0.00,1.00,0,180,150,7.29,0.00,ICMPFLOOD
281.00,6,0.00,1.00,0,128,117,0.08,0.00,ICMPFLOOD
149.60,6,0.00,1.00,0,81,62,0.03,0.00,ICMPFLOOD
373.00,6,0.00,1.00,0,171,154,0.14,0.00,ICMPFLOOD
405.20,6,0.00,1.00,0,195,164,0.05,0.00,ICMPFLOOD
428.40,6,0.00,0.00,0,202,173,0.13,0.00,ICMPFLOOD
376.20,6,0.00,1.00,0,165,155,3.92,0.00,ICMPFLOOD
400.40,7,0.00,1.00,0,181,167,0.05,0.00,ICMPFLOOD
430.80,9,0.00,1.00,0,195,176,0.52,0.00,ICMPFLOOD
175.60,8,0.00,1.00,0,98,70,1.17,0.00,ICMPFLOOD
367.80,9,0.00,1.00,0,170,151,0.04,0.00,ICMPFLOOD
413.80,8,0.00,1.00,0,192,171,28.23,0.00,ICMPFLOOD
468.00,7,0.00,1.00,0,211,193,0.06,0.00,ICMPFLOOD
363.60,7,0.00,1.00,0,167,147,0.06,0.00,ICMPFLOOD
349.60,5,0.00,0.00,0,166,141,7.36,0.00,ICMPFLOOD
463.60,6,0.00,0.00,0,211,189,0.04,0.00,ICMPFLOOD
373.00,4,0.00,0.00,0,175,149,0.05,0.00,ICMPFLOOD
353.80,6,0.00,1.00,0,163,144,0.05,0.00,ICMPFLOOD
462.60,7,0.00,1.00,0,220,184,0.07,0.00,ICMPFLOOD
429.00,5,0.00,1.00,0,206,171,0.06,0.00,ICMPFLOOD
422.00,6,0.00,1.00,0,195,170,0.07,0.00,ICMPFLOOD
438.00,6,0.00,1.00,0,199,178,0.04,0.00,ICMPFLOOD
427.60,5,0.00,0.00,0,188,177,0.04,0.00,ICMPFLOOD
378.80,6,0.00,1.00,0,185,148,0.06,0.00,ICMPFLOOD
402.60,6,0.00,1.00,0,193,165,0.66,0.00,ICMPFLOOD
390.80,7,0.00,1.00,0,175,163,0.05,0.00,ICMPFLOOD
343.60,7,0.00,1.00,0,166,139,0.04,0.00,ICMPFLOOD
225.00,7,0.00,1.00,0,111,88,0.78,0.00,ICMPFLOOD
386.40,5,0.00,1.00,0,173,157,8.13,0.00,ICMPFLOOD
209.00,6,0.00,1.00,0,111,85,0.06,0.00,ICMPFLOOD
407.80,5,0.00,1.00,0,189,165,0.04,0.00,ICMPFLOOD
438.80,5,0.00,0.00,0,198,180,0.05,0.00,ICMPFLOOD
433.00,9,0.00,1.00,0,196,177,0.03,0.00,ICMPFLOOD
371.20,7,0.00,1.00,0,171,150,0.16,0.00,ICMPFLOOD
399.00,7,0.00,1.00,0,180,166,0.05,0.00,ICMPFLOOD
325.40,7,0.00,1.00,0,160,129,0.33,0.00,ICMPFLOOD
403.20,5,0.00,0.00,0,185,164,0.04,0.00,ICMPFLOOD
289.20,5,0.00,1.00,0,138,115,0.07,0.00,ICMPFLOOD
389.80,6,0.00,0.00,0,185,160,0.04,0.00,ICMPFLOOD
428.60,5,0.00,1.00,0,199,175,0.05,0.00,ICMPFLOOD
398.40,6,0.00,1.00,0,176,162,0.06,0.00,ICMPFLOOD
180.80,6,0.00,1.00,0,91,76,6.54,0.00,ICMPFLOOD
332.80,9,0.00,1.00,0,163,136,1.91,0.00,ICMPFLOOD
381.40,7,0.00,1.00,0,174,157,0.06,0.00,ICMPFLOOD
379.60,8,0.00,1.00,0,181,152,0.06,0.00,ICMPFLOOD
411.60,6,0.00,1.00,0,187,167,0.05,0.00,ICMPFLOOD
426.40,7,0.00,1.00,0,199,175,0.05,0.00,ICMPFLOOD
450.20,7,0.00,1.00,0,202,184,0.06,0.00,ICMPFLOOD
381.60,8,0.00,1.00,0,189,153,0.06,0.00,ICMPFLOOD
257.00,6,0.00,1.00,0,124,105,0.04,0.00,ICMPFLOOD
293.80,6,0.00,1.00,0,137,120,0.05,0.00,ICMPFLOOD
420.60,7,0.00,1.00,0,190,175,0.90,0.00,ICMPFLOOD
405.00,8,0.00,1.00,0,182,165,0.04,0.00,ICMPFLOOD
339.00,8,0.00,1.00,0,149,143,6.47,0.00,ICMPFLOOD
362.60,7,0.00,1.00,0,163,148,0.00,0.00,ICMPFLOOD
329.40,5,0.00,1.00,0,154,131,0.00,0.00,ICMPFLOOD
419.40,6,0.00,1.00,0,187,171,0.00,0.00,ICMPFLOOD
411.40,7,0.00,1.00,0,186,166,0.00,0.00,ICMPFLOOD
375.20,6,0.00,1.00,0,183,148,0.00,0.00,ICMPFLOOD
450.20,7,0.00,1.00,0,203,181,0.00,0.00,ICMPFLOOD
394.40,4,0.00,0.00,0,180,159,0.00,0.00,ICMPFLOOD
381.00,7,0.00,1.00,0,181,151,0.00,0.00,ICMPFLOOD
421.60,5,0.00,1.00,0,186,172,0.00,0.00,ICMPFLOOD
370.80,5,0.00,1.00,0,173,149,0.00,0.00,ICMPFLOOD
369.00,8,0.00,1.00,0,168,150,0.00,0.00,ICMPFLOOD
358.40,7,0.00,1.00,0,169,143,0.00,0.00,ICMPFLOOD
269.20,5,0.00,1.00,0,132,107,0.00,0.00,ICMPFLOOD
251.80,5,0.00,1.00,0,117,100,0.00,0.00,ICMPFLOOD
310.40,5,0.00,1.00,0,145,124,0.00,0.00,ICMPFLOOD
381.80,9,0.00,1.00,0,170,154,0.00,0.00,ICMPFLOOD
399.00,6,0.00,1.00,0,181,162,0.00,0.00,ICMPFLOOD
429.80,5,0.00,1.00,0,202,172,0.00,0.00,ICMPFLOOD
311.20,7,0.00,1.00,0,142,126,0.00,0.00,ICMPFLOOD
434.40,6,0.00,1.00,0,191,177,0.00,0.00,ICMPFLOOD
400.60,4,0.00,1.00,0,186,159,0.00,0.00,ICMPFLOOD
380.40,5,0.00,1.00,0,167,155,0.00,0.00,ICMPFLOOD
348.80,5,0.00,1.00,0,161,140,0.00,0.00,ICMPFLOOD
421.20,6,0.00,1.00,0,193,171,0.00,0.00,ICMPFLOOD
425.20,5,0.00,1.00,0,189,174,0.00,0.00,ICMPFLOOD
393.60,6,0.00,1.00,0,182,156,0.00,0.00,ICMPFLOOD
399.20,4,0.00,1.00,0,177,162,0.00,0.00,ICMPFLOOD
303.00,6,0.00,1.00,0,139,122,0.00,0.00,ICMPFLOOD
452.80,5,0.00,1.00,0,204,183,0.00,0.00,ICMPFLOOD
378.80,5,0.00,1.00,0,176,152,0.00,0.00,ICMPFLOOD
422.00,4,0.00,0.00,0,190,172,0.00,0.00,ICMPFLOOD
411.60,4,0.00,1.00,0,186,166,0.00,0.00,ICMPFLOOD
143.00,5,0.00,1.00,0,77,54,0.00,0.00,ICMPFLOOD
126.80,3,0.00,0.00,0,68,47,0.00,0.00,ICMPFLOOD
94.20,4,0.00,1.00,0,47,37,0.00,0.00,ICMPFLOOD
124.40,4,0.00,1.00,0,70,46,0.00,0.00,ICMPFLOOD
111.00,3,0.00,0.00,0,54,43,0.00,0.00,ICMPFLOOD
99.20,3,0.00,0.00,0,49,39,0.00,0.00,ICMPFLOOD
103.60,2,0.00,0.00,0,53,40,0.00,0.00,ICMPFLOOD
109.60,3,0.00,0.00,0,59,41,0.00,0.00,ICMPFLOOD
122.40,2,0.00,0.00,0,59,48,0.00,0.00,ICMPFLOOD
122.80,5,0.00,1.00,0,60,48,0.00,0.00,ICMPFLOOD
91.60,4,0.00,0.00,0,52,34,0.00,0.00,ICMPFLOOD
111.80,3,0.00,1.00,0,53,44,0.00,0.00,ICMPFLOOD
807.60,11,0.00,1.00,0,142,236,31.69,0.00,SMURFATTACK
993.40,9,0.00,1.00,0,174,286,0.03,0.00,SMURFATTACK
1133.40,12,0.00,1.00,0,198,323,0.03,0.00,SMURFATTACK
1874.60,11,0.00,1.00,0,325,536,10.41,0.00,SMURFATTACK
1902.80,9,0.00,1.00,0,329,545,0.01,0.00,SMURFATTACK
2238.00,9,0.00,1.00,0,387,640,0.05,0.00,SMURFATTACK
1533.20,10,0.00,1.00,0,266,440,0.02,0.00,SMURFATTACK
2219.60,9,0.00,1.00,0,383,635,0.09,0.00,SMURFATTACK
1885.20,13,0.00,1.00,0,326,540,4.39,0.00,SMURFATTACK
2131.60,9,0.00,1.00,0,368,610,5.08,0.00,SMURFATTACK
1885.40,10,0.00,1.00,0,327,540,0.06,0.00,SMURFATTACK
2149.20,9,0.00,1.00,0,371,615,15.75,0.00,SMURFATTACK
2096.20,9,0.00,1.00,0,361,600,3.57,0.00,SMURFATTACK
1656.60,10,0.00,1.00,0,288,475,1.35,0.00,SMURFATTACK
2114.00,9,0.00,1.00,0,365,605,0.02,0.00,SMURFATTACK
2149.20,9,0.00,1.00,0,371,615,3.81,0.00,SMURFATTACK
1801.80,12,0.00,1.00,0,312,516,3.88,0.00,SMURFATTACK
1933.20,9,0.00,1.00,0,333,554,13.30,0.00,SMURFATTACK
1885.20,9,0.00,1.00,0,326,540,0.41,0.00,SMURFATTACK
2184.60,9,0.00,1.00,0,378,625,1.06,0.00,SMURFATTACK
1902.60,11,0.00,1.00,0,328,545,4.52,0.00,SMURFATTACK
2043.60,9,0.00,1.00,0,353,585,1.40,0.00,SMURFATTACK
1832.40,10,0.00,1.00,0,317,525,0.04,0.00,SMURFATTACK
1903.00,11,0.00,1.00,0,330,545,0.75,0.00,SMURFATTACK
2149.00,11,0.00,1.00,0,370,615,0.05,0.00,SMURFATTACK
1814.80,10,0.00,1.00,0,314,520,0.05,0.00,SMURFATTACK
2114.20,9,0.00,1.00,0,366,605,0.87,0.00,SMURFATTACK
1850.00,10,0.00,1.00,0,320,530,4.22,0.00,SMURFATTACK
2166.80,9,0.00,1.00,0,374,620,0.02,0.00,SMURFATTACK
2149.20,9,0.00,1.00,0,371,615,0.02,0.00,SMURFATTACK
1603.60,10,0.00,1.00,0,278,460,8.95,0.00,SMURFATTACK
2131.60,11,0.00,1.00,0,368,610,0.02,0.00,SMURFATTACK
2063.60,11,0.00,1.00,0,357,591,4.18,0.00,SMURFATTACK
2041.00,9,0.00,1.00,0,351,584,38.05,0.00,SMURFATTACK
1902.80,11,0.00,1.00,0,329,545,0.41,0.00,SMURFATTACK
1885.40,11,0.00,1.00,0,327,540,0.04,0.00,SMURFATTACK
2184.40,11,0.00,1.00,0,377,625,2.72,0.00,SMURFATTACK
1885.00,9,0.00,1.00,0,325,540,9.80,0.00,SMURFATTACK
2062.40,11,0.00,1.00,0,357,590,0.17,0.00,SMURFATTACK
1850.20,12,0.00,1.00,0,321,530,0.04,0.00,SMURFATTACK
1885.00,11,0.00,1.00,0,325,540,2.89,0.00,SMURFATTACK
2209.60,9,0.00,1.00,0,382,631,0.03,0.00,SMURFATTACK
1892.20,10,0.00,1.00,0,329,541,5.01,0.00,SMURFATTACK
2116.60,11,0.00,1.00,0,365,606,5.38,0.00,SMURFATTACK
1829.60,12,0.00,1.00,0,316,524,0.02,0.00,SMURFATTACK
1973.40,9,0.00,1.00,0,342,565,0.05,0.00,SMURFATTACK
1761.80,12,0.00,1.00,0,304,505,0.04,0.00,SMURFATTACK
2061.40,9,0.00,1.00,0,357,590,9.68,0.00,SMURFATTACK
1948.60,11,0.00,1.00,0,336,559,4.40,0.00,SMURFATTACK
1857.00,9,0.00,1.00,0,322,531,6.21,0.00,SMURFATTACK
2025.80,11,0.00,1.00,0,349,580,0.05,0.00,SMURFATTACK
1818.40,12,0.00,1.00,0,316,521,2.69,0.00,SMURFATTACK
1621.00,9,0.00,1.00,0,280,465,4.26,0.00,SMURFATTACK
2149.40,9,0.00,1.00,0,372,615,0.03,0.00,SMURFATTACK
1850.00,11,0.00,1.00,0,320,530,2.93,0.00,SMURFATTACK
2166.60,12,0.00,1.00,0,373,620,1.91,0.00,SMURFATTACK
1568.60,10,0.00,1.00,0,273,449,0.02,0.00,SMURFATTACK
2114.00,11,0.00,1.00,0,365,606,22.32,0.00,SMURFATTACK
1655.60,10,0.00,1.00,0,287,473,3.73,0.00,SMURFATTACK
2044.20,10,0.00,1.00,0,352,587,21.75,0.00,SMURFATTACK
1762.00,10,0.00,1.00,0,305,505,4.28,0.00,SMURFATTACK
2184.40,11,0.00,1.00,0,377,625,1.08,0.00,SMURFATTACK
2131.80,9,0.00,1.00,0,369,610,0.02,0.00,SMURFATTACK
1752.80,11,0.00,1.00,0,304,502,2.69,0.00,SMURFATTACK
2201.80,11,0.00,1.00,0,379,630,3.71,0.00,SMURFATTACK
1867.60,9,0.00,1.00,0,323,535,2.66,0.00,SMURFATTACK
1850.20,9,0.00,1.00,0,321,530,0.03,0.00,SMURFATTACK
1946.20,12,0.00,1.00,0,337,557,0.03,0.00,SMURFATTACK
1792.00,11,0.00,1.00,0,309,514,25.90,0.00,SMURFATTACK
2149.40,9,0.00,1.00,0,372,615,0.03,0.00,SMURFATTACK
1904.00,9,0.00,1.00,0,329,545,3.07,0.00,SMURFATTACK
2010.40,11,0.00,1.00,0,348,576,30.15,0.00,SMURFATTACK
1957.00,12,0.00,1.00,0,338,560,0.02,0.00,SMURFATTACK
1760.40,9,0.00,1.00,0,304,505,20.51,0.00,SMURFATTACK
1971.80,9,0.00,1.00,0,338,561,0.04,0.00,SMURFATTACK
1761.80,13,0.00,1.00,0,304,505,0.08,0.00,SMURFATTACK
1833.80,11,0.00,1.00,0,319,525,0.03,0.00,SMURFATTACK
1885.00,10,0.00,1.00,0,325,540,2.08,0.00,SMURFATTACK
2184.40,11,0.00,1.00,0,377,625,0.06,0.00,SMURFATTACK
2184.40,11,0.00,1.00,0,377,625,0.02,0.00,SMURFATTACK
1744.60,10,0.00,1.00,0,303,500,4.11,0.00,SMURFATTACK
2184.40,9,0.00,1.00,0,377,625,0.03,0.00,SMURFATTACK
1867.40,9,0.00,1.00,0,322,535,0.35,0.00,SMURFATTACK
2061.40,12,0.00,1.00,0,357,590,0.04,0.00,SMURFATTACK
2131.40,9,0.00,1.00,0,367,610,0.03,0.00,SMURFATTACK
1595.40,11,0.00,1.00,0,277,457,0.04,0.00,SMURFATTACK
1893.40,9,0.00,1.00,0,327,543,24.33,0.00,SMURFATTACK
1797.40,12,0.00,1.00,0,312,515,0.04,0.00,SMURFATTACK
2114.00,9,0.00,1.00,0,365,605,0.04,0.00,SMURFATTACK
1744.20,10,0.00,1.00,0,301,500,2.46,0.00,SMURFATTACK
1815.00,9,0.00,1.00,0,315,520,3.03,0.00,SMURFATTACK
2078.60,12,0.00,1.00,0,358,595,0.03,0.00,SMURFATTACK
1797.40,10,0.00,1.00,0,312,515,0.03,0.00,SMURFATTACK
2131.60,9,0.00,1.00,0,368,610,1.55,0.00,SMURFATTACK
1797.20,10,0.00,1.00,0,311,515,0.05,0.00,SMURFATTACK
1915.20,11,0.00,1.00,0,332,548,0.04,0.00,SMURFATTACK
1775.00,12,0.00,1.00,0,306,508,25.77,0.00,SMURFATTACK
2000.60,9,0.00,1.00,0,346,574,7.93,0.00,SMURFATTACK
1357.00,9,0.00,1.00,0,235,390,5.27,0.00,SMURFATTACK
2.00,8,0.00,1.00,0,5,5,0.05,0.00,SMURFATTACK
2.00,8,0.00,1.00,0,5,5,3.57,0.00,SMURFATTACK
2.00,6,0.00,1.00,0,5,5,0.06,0.00,SMURFATTACK
2.00,8,0.00,1.00,0,5,5,0.99,0.00,SMURFATTACK
2.00,8,0.00,1.00,0,5,5,5.83,0.00,SMURFATTACK
2.00,8,0.00,1.00,0,5,5,1.13,0.00,SMURFATTACK
2.00,6,0.00,1.00,0,5,5,5.63,0.00,SMURFATTACK
903.00,8,0.00,1.00,0,167,255,6.44,0.00,SMURFATTACK
5319.60,9,0.00,1.00,0,917,1511,14.60,0.00,SMURFATTACK
5293.20,9,0.00,1.00,0,915,1505,0.02,0.00,SMURFATTACK
5465.80,7,0.00,1.00,0,947,1549,7.46,0.00,SMURFATTACK
5719.40,8,0.00,1.00,0,990,1624,0.03,0.00,SMURFATTACK
5916.20,9,0.00,1.00,0,1015,1681,0.03,0.00,SMURFATTACK
4003.00,7,0.00,1.00,0,718,1133,4.69,0.00,SMURFATTACK
5815.60,10,0.00,1.00,0,1005,1651,5.70,0.00,SMURFATTACK
3416.20,7,0.00,1.00,0,602,963,32.60,0.00,SMURFATTACK
553.20,9,0.00,1.00,0,124,141,-1.00,1.00,SMURFATTACK
6.60,6,0.00,1.00,0,7,5,1.47,0.00,SMURFATTACK
363.00,9,0.00,1.00,0,77,97,0.58,0.00,SMURFATTACK
69.40,7,0.00,1.00,0,15,26,0.04,0.00,SMURFATTACK
56.80,8,0.00,1.00,0,17,19,0.03,0.00,SMURFATTACK
153.00,7,0.00,1.00,0,31,46,0.04,0.00,SMURFATTACK
55.60,8,0.00,1.00,0,14,16,-1.00,1.00,SMURFATTACK
58.20,6,0.00,1.00,0,14,16,-1.00,1.00,SMURFATTACK
48.20,8,0.00,1.00,0,14,16,177.82,0.40,SMURFATTACK
48.60,6,0.00,1.00,0,15,17,0.05,0.00,SMURFATTACK
64.60,8,0.00,1.00,0,17,18,-1.00,1.00,SMURFATTACK
57.60,5,0.00,1.00,0,16,16,-1.00,1.00,SMURFATTACK
161.40,9,0.00,1.00,0,32,47,0.03,0.60,SMURFATTACK
377.80,7,0.00,1.00,0,70,110,0.05,0.00,SMURFATTACK
65.40,8,0.00,1.00,0,16,19,-1.00,1.00,SMURFATTACK
56.00,5,0.00,1.00,0,15,16,-1.00,1.00,SMURFATTACK
90.20,9,0.00,1.00,0,20,29,203.49,0.40,SMURFATTACK
73.60,6,0.00,1.00,0,18,25,0.05,0.00,SMURFATTACK
56.00,6,0.00,1.00,0,14,15,-1.00,1.00,SMURFATTACK
64.80,6,0.00,1.00,0,15,19,-1.00,1.00,SMURFATTACK
57.00,5,0.00,0.00,0,15,16,-1.00,1.00,SMURFATTACK
51.80,6,0.00,0.00,0,13,15,-1.00,1.00,SMURFATTACK
43.00,8,0.00,1.00,0,12,11,-1.00,1.00,SMURFATTACK
64.60,7,0.00,1.00,0,17,20,59.53,0.60,SMURFATTACK
91.00,6,0.00,0.00,0,20,31,0.03,0.00,SMURFATTACK
58.40,6,0.00,0.00,0,14,15,-1.00,1.00,SMURFATTACK
68.00,5,0.00,1.00,0,17,20,-1.00,1.00,SMURFATTACK
58.60,5,0.00,1.00,0,14,16,-1.00,1.00,SMURFATTACK
66.40,5,0.00,0.00,0,16,19,-1.00,1.00,SMURFATTACK
58.00,8,0.00,0.00,0,15,15,-1.00,1.00,SMURFATTACK
67.20,8,0.00,0.00,0,16,21,0.00,0.80,SMURFATTACK
90.80,6,0.00,1.00,0,21,30,0.03,0.00,SMURFATTACK
68.40,5,0.00,0.00,0,16,24,0.05,0.00,SMURFATTACK
54.80,6,0.00,0.00,0,16,15,-1.00,1.00,SMURFATTACK
59.00,7,0.00,0.00,0,14,16,-1.00,1.00,SMURFATTACK
66.80,5,0.00,0.00,0,16,19,-1.00,1.00,SMURFATTACK
56.40,9,0.00,0.00,0,15,16,-1.00,1.00,SMURFATTACK
61.40,8,0.00,0.00,0,14,18,-1.00,1.00,SMURFATTACK
64.00,6,0.00,1.00,0,16,23,3.31,0.00,SMURFATTACK
57.80,6,0.00,0.00,0,15,20,0.03,0.00,SMURFATTACK
66.40,6,0.00,1.00,0,16,19,-1.00,1.00,SMURFATTACK
7.80,7,0.00,1.00,0,9,1,-1.00,1.00,SMURFATTACK
51.20,10,0.00,1.00,0,13,14,-1.00,1.00,SMURFATTACK
29.20,11,0.00,1.00,0,9,8,-1.00,1.00,SMURFATTACK
57.20,9,0.00,1.00,0,14,17,-1.00,1.00,SMURFATTACK
26.20,9,0.00,0.00,0,10,10,0.05,0.20,SMURFATTACK
48.40,11,0.00,1.00,0,12,19,0.06,0.00,SMURFATTACK
55.40,12,0.00,0.70,4,14,17,44.75,0.60,SMURFATTACK
777.80,12,0.00,0.11,6,137,225,0.04,0.00,SMURFATTACK
1445.60,10,0.00,0.00,2,251,415,0.04,0.00,SMURFATTACK
1360.20,10,0.00,0.00,1,237,391,0.03,0.00,SMURFATTACK
1020.40,12,0.00,0.00,2,178,294,13.69,0.00,SMURFATTACK
1393.00,12,0.00,0.00,1,243,400,0.02,0.00,SMURFATTACK
1304.60,12,0.00,0.00,2,226,375,0.04,0.00,SMURFATTACK
1463.00,10,0.00,0.00,1,254,420,0.03,0.00,SMURFATTACK
1410.40,10,0.00,0.00,2,245,405,0.05,0.00,SMURFATTACK
1269.60,9,0.00,0.00,1,222,365,0.01,0.00,SMURFATTACK
1032.60,12,0.00,0.00,2,180,298,0.05,0.00,SMURFATTACK
1136.80,12,0.00,0.87,1,199,327,10.50,0.00,SMURFATTACK
1375.00,12,0.00,0.00,2,238,395,0.02,0.00,SMURFATTACK
1498.40,12,0.00,0.77,2,260,430,0.03,0.00,SMURFATTACK
1463.00,11,0.00,0.00,1,254,420,17.19,0.00,SMURFATTACK
1354.60,10,0.00,0.00,2,236,388,0.06,0.00,SMURFATTACK
1396.60,10,0.00,0.00,1,243,402,5.01,0.00,SMURFATTACK
1392.80,10,0.00,0.00,2,242,400,0.04,0.00,SMURFATTACK
1427.80,12,0.00,0.00,1,248,410,0.03,0.00,SMURFATTACK
1322.40,13,0.00,0.00,2,230,380,0.02,0.00,SMURFATTACK
1463.00,10,0.00,0.00,1,254,420,0.06,0.00,SMURFATTACK
1305.00,10,0.00,0.00,2,228,375,0.04,0.00,SMURFATTACK
1483.60,9,0.00,0.00,1,257,426,0.02,0.00,SMURFATTACK
1372.00,10,0.00,0.00,2,238,394,0.51,0.00,SMURFATTACK
1470.20,12,0.00,0.00,1,257,421,0.02,0.00,SMURFATTACK
1603.80,13,0.00,0.00,2,277,460,0.04,0.00,SMURFATTACK
1498.60,12,0.00,0.00,2,261,430,0.05,0.00,SMURFATTACK
1603.60,9,0.00,0.00,1,277,460,0.02,0.00,SMURFATTACK
1516.00,10,0.00,0.00,2,263,435,0.08,0.00,SMURFATTACK
1621.60,12,0.00,0.00,1,282,465,0.03,0.00,SMURFATTACK
1507.80,10,0.00,0.00,2,261,433,3.28,0.00,SMURFATTACK
1541.40,11,0.00,0.00,1,267,442,3.13,0.00,SMURFATTACK
1533.80,13,0.00,0.00,2,267,440,0.02,0.00,SMURFATTACK
1346.60,12,0.00,0.00,1,234,386,0.09,0.00,SMURFATTACK
1385.80,10,0.00,0.00,2,240,399,14.45,0.00,SMURFATTACK
1463.20,9,0.00,0.00,1,255,420,0.02,0.00,SMURFATTACK
1586.20,10,0.00,0.00,2,274,455,0.04,0.00,SMURFATTACK
1604.00,12,0.00,0.00,1,279,460,0.02,0.00,SMURFATTACK
1516.00,12,0.00,0.00,2,263,435,3.37,0.00,SMURFATTACK
1586.20,13,0.00,0.00,2,274,455,0.02,0.00,SMURFATTACK
1568.60,9,0.00,0.00,1,272,450,0.05,0.00,SMURFATTACK
1533.80,10,0.00,0.00,2,267,440,0.04,0.00,SMURFATTACK
1568.60,12,0.00,0.00,1,272,450,0.02,0.00,SMURFATTACK
1551.20,12,0.00,0.00,2,269,445,0.05,0.00,SMURFATTACK
1586.00,9,0.00,0.00,1,274,455,0.03,0.00,SMURFATTACK
1586.60,13,0.00,0.00,2,276,455,0.07,0.00,SMURFATTACK
1603.80,10,0.00,0.00,1,278,460,2.60,0.00,SMURFATTACK
1515.80,12,0.00,0.00,2,262,435,0.03,0.00,SMURFATTACK
1586.40,9,0.00,0.00,1,276,455,0.05,0.00,SMURFATTACK
1551.20,12,0.00,0.00,2,269,445,0.02,0.00,SMURFATTACK
1533.40,10,0.00,0.00,1,266,440,0.03,0.00,SMURFATTACK
1586.40,12,0.00,0.00,2,275,455,0.06,0.00,SMURFATTACK
1603.80,11,0.00,0.00,1,278,460,0.02,0.00,SMURFATTACK
1515.80,12,0.00,0.00,2,262,435,0.04,0.00,SMURFATTACK
1592.00,10,0.00,0.00,1,277,456,0.05,0.00,SMURFATTACK
1551.20,10,0.00,0.00,2,269,445,0.07,0.00,SMURFATTACK
1498.40,13,0.00,0.00,2,260,430,0.05,0.00,SMURFATTACK
1551.20,9,0.00,0.00,1,270,445,0.04,0.00,SMURFATTACK
1533.40,12,0.00,0.00,2,265,440,3.67,0.00,SMURFATTACK
1551.20,12,0.00,0.00,1,270,445,0.04,0.00,SMURFATTACK
1533.60,10,0.00,0.00,2,266,440,2.86,0.00,SMURFATTACK
1533.20,11,0.00,0.00,1,265,440,0.05,0.00,SMURFATTACK
1551.20,12,0.00,0.00,2,269,445,0.02,0.00,SMURFATTACK
1533.40,10,0.00,0.00,1,266,440,0.04,0.00,SMURFATTACK
1533.80,12,0.00,0.00,2,267,440,0.02,0.00,SMURFATTACK
1568.40,11,0.00,0.00,1,271,450,0.04,0.00,SMURFATTACK
1498.40,12,0.00,0.00,2,260,430,0.04,0.00,SMURFATTACK
1533.60,10,0.00,0.00,1,267,440,2.73,0.00,SMURFATTACK
1586.20,12,0.00,0.00,2,274,455,3.33,0.00,SMURFATTACK
1568.80,10,0.00,0.00,2,272,450,0.02,0.00,SMURFATTACK
1498.20,11,0.00,0.00,1,260,430,0.04,0.00,SMURFATTACK
1586.60,12,0.00,0.00,2,276,455,0.05,0.00,SMURFATTACK
1515.60,10,0.00,0.00,1,262,435,1.03,0.00,SMURFATTACK
1604.00,12,0.00,0.00,2,278,460,0.04,0.00,SMURFATTACK
1498.20,11,0.00,0.00,1,260,430,2.36,0.00,SMURFATTACK
1498.60,12,0.00,0.00,2,261,430,0.04,0.00,SMURFATTACK
1515.60,12,0.00,0.00,1,262,435,0.03,0.00,SMURFATTACK
1656.80,12,0.00,0.00,2,287,475,0.01,0.00,SMURFATTACK
1410.20,11,0.00,0.00,1,245,405,0.04,0.00,SMURFATTACK
1639.20,12,0.00,0.00,2,284,470,0.04,0.00,SMURFATTACK
1568.60,10,0.00,0.00,1,272,450,0.05,0.00,SMURFATTACK
1463.20,12,0.00,0.00,2,254,420,0.04,0.00,SMURFATTACK
1604.00,13,0.00,0.00,2,278,460,0.06,0.00,SMURFATTACK
1586.40,9,0.00,0.00,1,276,455,3.49,0.00,SMURFATTACK
1568.60,12,0.00,0.00,2,271,450,0.03,0.00,SMURFATTACK
1533.60,13,0.00,0.00,1,267,440,0.05,0.00,SMURFATTACK
1568.60,10,0.00,0.00,2,271,450,0.03,0.00,SMURFATTACK
1586.20,9,0.00,0.00,1,275,455,0.04,0.00,SMURFATTACK
1604.20,13,0.00,0.00,2,279,460,0.13,0.00,SMURFATTACK
1568.40,13,0.00,0.00,1,271,450,0.03,0.00,SMURFATTACK
1586.40,10,0.00,0.00,2,275,455,0.05,0.00,SMURFATTACK
1604.00,9,0.00,0.00,1,279,460,0.05,0.00,SMURFATTACK
1515.80,12,0.00,0.00,2,262,435,0.03,0.00,SMURFATTACK
1551.00,12,0.00,0.00,1,269,445,0.30,0.00,SMURFATTACK
1586.40,13,0.00,0.00,2,275,455,0.03,0.00,SMURFATTACK
1604.00,12,0.00,0.00,2,278,460,3.54,0.00,SMURFATTACK
1586.40,9,0.00,0.00,1,276,455,0.04,0.00,SMURFATTACK
1550.80,12,0.00,0.00,1,268,445,0.04,0.00,SMURFATTACK
1498.60,12,0.00,0.00,2,261,430,1.91,0.00,SMURFATTACK
1515.80,12,0.00,0.00,2,262,435,0.03,0.00,SMURFATTACK
1621.40,11,0.00,0.00,1,281,465,0.05,0.00,SMURFATTACK
1533.60,12,0.00,0.00,2,266,440,0.03,0.00,SMURFATTACK
1621.40,12,0.00,0.00,1,281,465,1.02,0.00,SMURFATTACK
1533.80,10,0.00,0.00,2,267,440,0.06,0.00,SMURFATTACK
1586.20,11,0.00,0.00,1,275,455,0.03,0.00,SMURFATTACK
1604.00,13,0.00,0.00,2,278,460,2.74,0.00,SMURFATTACK
1586.00,12,0.00,0.00,1,274,455,0.05,0.00,SMURFATTACK
1621.60,10,0.00,0.00,2,281,465,0.02,0.00,SMURFATTACK
1568.80,10,0.00,0.00,2,272,450,0.05,0.00,SMURFATTACK
1551.00,12,0.00,0.00,1,269,445,0.02,0.00,SMURFATTACK
1516.20,10,0.00,0.00,2,264,435,0.05,0.00,SMURFATTACK
1603.60,10,0.00,0.00,1,277,460,0.06,0.00,SMURFATTACK
1516.00,13,0.00,0.00,2,263,435,0.03,0.00,SMURFATTACK
1533.40,11,0.00,0.00,1,266,440,0.04,0.00,SMURFATTACK
1586.40,12,0.00,0.00,2,275,455,0.02,0.00,SMURFATTACK
1586.20,12,0.00,0.00,1,275,455,0.19,0.00,SMURFATTACK
1586.40,10,0.00,0.00,2,275,455,0.04,0.00,SMURFATTACK
1445.60,11,0.00,0.00,1,252,415,0.04,0.00,SMURFATTACK
1551.00,12,0.00,0.00,2,268,445,0.04,0.00,SMURFATTACK
1586.20,12,0.00,0.00,1,275,455,0.03,0.00,SMURFATTACK
1551.20,12,0.00,0.00,2,269,445,0.04,0.00,SMURFATTACK
1551.20,10,0.00,0.00,2,269,445,0.04,0.00,SMURFATTACK
1586.20,9,0.00,0.00,1,275,455,0.02,0.00,SMURFATTACK
1603.80,10,0.00,0.00,1,278,460,0.04,0.00,SMURFATTACK
1498.60,12,0.00,0.00,2,261,430,0.04,0.00,SMURFATTACK
1533.40,12,0.00,0.00,2,265,440,1.83,0.00,SMURFATTACK
1568.80,11,0.00,0.00,1,273,450,0.06,0.00,SMURFATTACK
1498.40,12,0.00,0.00,2,260,430,0.05,0.00,SMURFATTACK
1568.40,10,0.00,0.00,1,271,450,1.92,0.00,SMURFATTACK
1498.60,12,0.00,0.00,2,261,430,3.69,0.00,SMURFATTACK
1533.20,9,0.00,0.00,1,265,440,3.01,0.00,SMURFATTACK
1533.80,12,0.00,0.00,2,267,440,0.04,0.00,SMURFATTACK
1568.40,10,0.00,0.00,1,271,450,0.06,0.00,SMURFATTACK
1551.20,12,0.00,0.00,2,269,445,0.07,0.00,SMURFATTACK
1498.60,12,0.00,0.00,2,261,430,0.05,0.00,SMURFATTACK
1568.40,11,0.00,0.00,1,271,450,0.04,0.00,SMURFATTACK
1555.60,10,0.00,0.00,1,271,446,0.06,0.00,SMURFATTACK
1511.40,12,0.00,0.00,2,261,434,0.01,0.00,SMURFATTACK
1551.40,10,0.00,0.00,2,270,445,0.04,0.00,SMURFATTACK
1568.40,11,0.00,0.00,1,271,450,0.02,0.00,SMURFATTACK
1533.60,12,0.00,0.00,2,266,440,0.04,0.00,SMURFATTACK
2224.60,7,0.00,1.00,0,410,606,1.73,0.00,ICMPFLOOD
1924.60,7,0.00,1.00,0,420,472,272.02,0.40,ICMPFLOOD
1729.40,7,0.00,1.00,0,370,425,453.00,0.80,ICMPFLOOD
1885.20,6,0.00,1.00,0,407,467,133.87,0.20,ICMPFLOOD
2042.40,9,0.00,1.00,0,400,542,44.29,0.60,ICMPFLOOD
2422.20,7,0.00,1.00,0,450,664,0.02,0.00,ICMPFLOOD
1678.00,6,0.00,1.00,0,329,444,96.82,0.40,ICMPFLOOD
1577.80,7,0.00,1.00,0,360,399,222.55,0.40,ICMPFLOOD
1209.40,7,0.00,1.00,0,281,292,0.00,0.80,ICMPFLOOD
1256.80,6,0.00,1.00,0,281,305,201.68,0.20,ICMPFLOOD
1705.80,7,0.00,1.00,0,321,474,156.40,0.20,ICMPFLOOD
1490.20,6,0.00,1.00,0,337,375,0.02,0.00,ICMPFLOOD
1280.80,9,0.00,1.00,0,269,324,133.04,0.40,ICMPFLOOD
1310.60,5,0.00,1.00,0,292,328,82.27,0.20,ICMPFLOOD
1115.40,7,0.00,1.00,0,236,290,199.25,0.60,ICMPFLOOD
1041.00,8,0.00,1.00,0,242,256,-1.00,1.00,ICMPFLOOD
1339.80,10,0.00,1.00,0,285,339,-1.00,1.00,ICMPFLOOD
1104.80,9,0.00,1.00,0,254,268,376.94,0.60,ICMPFLOOD
1093.80,10,0.00,1.00,0,254,262,-1.00,1.00,ICMPFLOOD
1513.00,9,0.00,1.00,0,324,383,258.87,0.60,ICMPFLOOD
1120.00,9,0.00,1.00,0,252,267,7.17,0.00,ICMPFLOOD
1209.60,9,0.00,1.00,0,282,285,466.56,0.60,ICMPFLOOD
1141.20,8,0.00,1.00,0,251,280,118.46,0.60,ICMPFLOOD
1337.60,9,0.00,1.00,0,300,335,-1.00,1.00,ICMPFLOOD
1107.40,11,0.00,1.00,0,230,279,0.00,0.60,ICMPFLOOD
1245.00,10,0.00,1.00,0,267,311,0.00,0.60,ICMPFLOOD
1267.00,8,0.00,1.00,0,274,315,459.25,0.80,ICMPFLOOD
1100.00,8,0.00,1.00,0,250,264,0.01,0.80,ICMPFLOOD
1435.80,10,0.00,1.00,0,325,362,141.43,0.20,ICMPFLOOD
962.80,10,0.00,1.00,0,253,234,583.76,0.80,ICMPFLOOD
1108.80,8,0.00,1.00,0,245,288,58.96,0.60,ICMPFLOOD
1119.80,6,0.00,1.00,0,262,263,-1.00,1.00,ICMPFLOOD
1489.60,8,0.00,1.00,0,303,390,236.71,0.40,ICMPFLOOD
1044.80,9,0.00,1.00,0,232,256,-1.00,1.00,ICMPFLOOD
1135.80,10,0.00,1.00,0,262,280,351.59,0.60,ICMPFLOOD
1274.80,7,0.00,1.00,0,275,316,402.60,0.80,ICMPFLOOD
1141.80,8,0.00,1.00,0,262,281,469.61,0.80,ICMPFLOOD
1151.80,10,0.00,1.00,0,240,304,-1.00,1.00,ICMPFLOOD
1018.00,8,0.00,1.00,0,232,243,28.99,0.40,ICMPFLOOD
1055.80,10,0.00,1.00,0,255,251,157.77,0.40,ICMPFLOOD
1361.60,7,0.00,1.00,0,285,357,58.23,0.20,ICMPFLOOD
1294.60,9,0.00,1.00,0,291,306,-1.00,1.00,ICMPFLOOD
1168.00,10,0.00,1.00,0,252,296,112.00,0.20,ICMPFLOOD
1263.40,7,0.00,1.00,0,276,312,361.40,0.60,ICMPFLOOD
1117.40,9,0.00,1.00,0,247,280,-1.00,1.00,ICMPFLOOD
1247.00,10,0.00,1.00,0,287,306,120.00,0.60,ICMPFLOOD
1327.60,8,0.00,1.00,0,291,334,202.60,0.20,ICMPFLOOD
979.20,7,0.00,1.00,0,225,261,248.65,0.40,ICMPFLOOD
1105.40,8,0.00,1.00,0,266,252,-1.00,1.00,ICMPFLOOD
1292.20,10,0.00,1.00,0,275,327,0.00,0.80,ICMPFLOOD
1663.40,11,0.00,1.00,0,324,424,0.05,0.00,ICMPFLOOD
1610.40,10,0.00,1.00,0,379,375,451.04,0.80,ICMPFLOOD
1594.00,11,0.00,1.00,0,331,415,295.58,0.40,ICMPFLOOD
1571.20,9,0.00,1.00,0,346,385,475.02,0.80,ICMPFLOOD
1989.20,7,0.00,1.00,0,437,502,0.04,0.00,ICMPFLOOD
1525.40,6,0.00,1.00,0,310,405,0.02,0.40,ICMPFLOOD
2212.00,7,0.00,1.00,0,451,576,132.72,0.40,ICMPFLOOD
1558.60,11,0.00,1.00,0,324,380,97.00,0.00,ICMPFLOOD
1616.20,9,0.00,1.00,2,367,387,-1.00,1.00,ICMPFLOOD
1624.40,10,0.00,0.94,0,357,397,163.28,0.20,ICMPFLOOD
1826.20,10,0.00,1.00,1,372,467,-1.00,1.00,ICMPFLOOD
1661.20,8,0.00,1.00,1,336,434,71.73,0.40,ICMPFLOOD
1908.60,7,0.00,1.00,0,382,510,39.14,0.20,ICMPFLOOD
1667.60,7,0.00,1.00,0,345,424,0.03,0.60,ICMPFLOOD
1783.80,7,0.00,0.00,2,378,446,199.97,0.60,ICMPFLOOD
1902.00,8,0.00,1.00,0,413,476,0.00,0.80,ICMPFLOOD
2446.80,8,0.00,1.00,0,436,694,0.04,0.00,ICMPFLOOD
1456.40,7,0.00,1.00,2,336,355,432.25,0.80,ICMPFLOOD
2049.20,6,0.00,1.00,0,395,555,99.22,0.00,ICMPFLOOD
1692.60,6,0.00,1.00,0,360,425,0.05,0.00,ICMPFLOOD
1670.00,7,0.00,1.00,0,366,409,402.01,0.60,ICMPFLOOD
1524.80,9,0.00,0.75,0,305,409,180.49,0.20,ICMPFLOOD
1692.20,6,0.00,1.00,0,364,423,-1.00,1.00,ICMPFLOOD
1366.40,9,0.00,1.00,1,289,332,-1.00,1.00,ICMPFLOOD
2314.60,6,0.00,0.00,0,416,642,129.47,0.00,ICMPFLOOD
1503.40,8,0.00,0.89,1,330,374,168.06,0.20,ICMPFLOOD
1510.20,6,0.00,1.00,0,314,402,527.13,0.40,ICMPFLOOD
1764.40,6,0.00,1.00,0,349,462,113.27,0.40,ICMPFLOOD
1610.40,9,0.00,1.00,2,360,392,0.00,0.80,ICMPFLOOD
1984.40,8,0.00,1.00,0,413,502,-1.00,1.00,ICMPFLOOD
1905.20,8,0.00,1.00,1,374,504,6.39,0.00,ICMPFLOOD
1629.40,6,0.00,1.00,0,332,420,260.27,0.40,ICMPFLOOD
1692.00,6,0.00,1.00,0,370,413,145.79,0.00,ICMPFLOOD
1875.60,6,0.00,1.00,0,387,482,97.37,0.20,ICMPFLOOD
1409.00,7,0.00,0.00,2,285,367,239.16,0.60,ICMPFLOOD
1436.40,9,0.00,1.00,0,324,351,-1.00,1.00,ICMPFLOOD
1743.20,7,0.00,1.00,0,389,432,292.43,0.40,ICMPFLOOD
1901.20,8,0.00,1.00,0,375,499,189.85,0.20,ICMPFLOOD
1638.00,9,0.00,1.00,0,353,407,110.10,0.00,ICMPFLOOD
1882.80,9,0.00,1.00,1,360,502,82.43,0.00,ICMPFLOOD
2131.80,8,0.00,0.00,1,396,590,37.69,0.00,ICMPFLOOD
2046.00,7,0.00,1.00,0,396,548,0.05,0.00,ICMPFLOOD
1612.00,6,0.00,0.00,0,336,418,280.64,0.60,ICMPFLOOD
2105.80,10,0.00,1.00,1,395,578,0.04,0.00,ICMPFLOOD
1716.00,9,0.00,1.00,1,346,448,828.43,0.60,ICMPFLOOD
1732.40,10,0.00,1.00,1,339,470,74.29,0.20,ICMPFLOOD
2313.60,9,0.00,1.00,0,421,641,152.20,0.20,ICMPFLOOD
1850.40,9,0.00,1.00,0,349,510,139.21,0.20,ICMPFLOOD
1653.80,7,0.00,1.00,0,363,412,376.60,0.60,ICMPFLOOD
1962.60,7,0.00,1.00,0,370,538,139.30,0.20,ICMPFLOOD
1962.40,7,0.00,1.00,0,380,523,192.38,0.20,ICMPFLOOD
1980.40,7,0.00,1.00,0,409,517,75.48,0.60,ICMPFLOOD
1901.00,9,0.00,1.00,0,378,483,0.71,0.00,ICMPFLOOD
1678.60,7,0.00,1.00,0,324,441,26.99,0.60,ICMPFLOOD
1711.00,7,0.00,1.00,0,332,459,93.26,0.60,ICMPFLOOD
1554.60,6,0.00,0.00,0,347,373,152.78,0.40,ICMPFLOOD
1602.20,9,0.00,0.50,0,337,411,320.82,0.20,ICMPFLOOD
1948.00,7,0.00,1.00,0,386,513,178.74,0.20,ICMPFLOOD
1690.00,8,0.00,1.00,0,359,438,386.34,0.40,ICMPFLOOD
2699.20,7,0.00,0.00,0,482,755,0.03,0.00,ICMPFLOOD
1863.60,6,0.00,0.00,0,367,493,8.14,0.00,ICMPFLOOD
1849.20,6,0.00,0.00,0,384,474,210.63,0.20,ICMPFLOOD
1431.40,6,0.00,0.00,0,309,367,44.63,0.20,ICMPFLOOD
1953.80,8,0.00,0.00,0,401,494,362.84,0.60,ICMPFLOOD
2344.00,6,0.00,0.00,0,426,650,0.05,0.00,ICMPFLOOD
1930.20,7,0.00,0.00,0,382,512,76.89,0.40,ICMPFLOOD
1573.60,8,0.00,0.00,0,359,380,52.67,0.60,ICMPFLOOD
1388.40,6,0.00,0.00,0,273,380,420.95,0.80,ICMPFLOOD
1677.40,8,0.00,0.00,0,360,415,183.28,0.20,ICMPFLOOD
2055.20,6,0.00,0.00,0,383,568,157.62,0.60,ICMPFLOOD
2529.60,8,0.00,0.00,0,450,707,0.04,0.00,ICMPFLOOD
2185.20,6,0.00,0.00,0,413,594,18.96,0.00,ICMPFLOOD
1845.60,6,0.00,0.00,0,405,459,310.29,0.80,ICMPFLOOD
1577.00,6,0.00,0.00,0,317,418,128.36,0.40,ICMPFLOOD
1792.40,7,0.00,0.00,0,335,492,85.44,0.20,ICMPFLOOD
2308.60,7,0.00,0.00,0,447,628,152.84,0.20,ICMPFLOOD
2472.00,6,0.00,0.00,0,458,670,0.10,0.00,ICMPFLOOD
1715.20,6,0.00,0.00,0,336,445,18.07,0.00,ICMPFLOOD
2114.80,6,0.00,0.00,0,386,581,202.18,0.40,ICMPFLOOD
1726.60,7,0.00,0.00,0,373,433,243.20,0.80,ICMPFLOOD
2154.40,6,0.00,0.00,0,404,590,93.65,0.20,ICMPFLOOD
2120.40,6,0.00,0.00,0,397,586,0.10,0.00,ICMPFLOOD
1883.20,6,0.00,0.00,0,368,508,11.99,0.00,ICMPFLOOD
2665.80,6,0.00,0.00,0,474,744,16.20,0.00,ICMPFLOOD
1523.60,7,0.00,0.00,0,334,384,0.04,0.00,ICMPFLOOD
1796.60,7,0.00,0.00,0,373,463,45.11,0.80,ICMPFLOOD
2061.20,6,0.00,0.00,0,396,559,18.23,0.00,ICMPFLOOD
2074.40,6,0.00,0.00,0,393,560,171.90,0.20,ICMPFLOOD
2439.20,8,0.00,0.00,0,436,687,133.01,0.20,ICMPFLOOD
1657.20,7,0.00,0.00,0,317,460,0.04,0.00,ICMPFLOOD
1751.60,6,0.00,0.00,0,383,415,149.52,0.20,ICMPFLOOD
1893.60,6,0.00,0.00,0,374,497,194.97,0.40,ICMPFLOOD
1695.80,5,0.00,0.00,0,358,429,0.03,0.00,ICMPFLOOD
1842.20,8,0.00,0.00,0,359,488,-1.00,1.00,ICMPFLOOD
1869.80,7,0.00,0.00,0,363,501,0.19,0.00,ICMPFLOOD
1667.40,6,0.00,0.00,0,334,446,216.50,0.20,ICMPFLOOD
1552.20,6,0.00,0.00,0,332,389,175.50,0.40,ICMPFLOOD
1810.40,6,0.00,0.00,0,335,498,74.85,0.40,ICMPFLOOD
1668.60,6,0.00,0.00,0,377,391,-1.00,1.00,ICMPFLOOD
1685.20,7,0.00,0.00,0,375,414,364.97,0.60,ICMPFLOOD
1725.40,8,0.00,0.00,0,333,465,132.96,0.20,ICMPFLOOD
1667.40,5,0.00,0.00,0,352,419,0.02,0.00,ICMPFLOOD
1888.20,6,0.00,0.00,0,375,498,335.11,0.60,ICMPFLOOD
1587.60,6,0.00,0.00,0,349,391,85.40,0.20,ICMPFLOOD
1818.00,6,0.00,0.00,0,375,469,234.51,0.20,ICMPFLOOD
1679.40,8,0.00,0.00,0,339,445,214.33,0.40,ICMPFLOOD
1910.60,6,0.00,0.00,0,393,499,0.03,0.00,ICMPFLOOD
1756.80,6,0.00,0.00,0,362,456,219.51,0.40,ICMPFLOOD
1765.40,6,0.00,0.00,0,391,429,-1.00,1.00,ICMPFLOOD
1721.60,6,0.00,0.00,0,359,439,395.83,0.60,ICMPFLOOD
1733.40,7,0.00,0.00,0,362,439,206.16,0.20,ICMPFLOOD
2164.00,6,0.00,0.00,0,393,604,0.04,0.00,ICMPFLOOD
1686.80,6,0.00,0.00,0,360,424,0.02,0.40,ICMPFLOOD
1848.20,6,0.00,0.00,0,410,461,109.61,0.20,ICMPFLOOD
1692.00,6,0.00,0.00,0,359,432,129.09,0.80,ICMPFLOOD
2014.60,6,0.00,0.00,0,389,550,65.95,0.20,ICMPFLOOD
1653.20,8,0.00,0.00,0,336,430,-1.00,1.00,ICMPFLOOD
1888.60,6,0.00,0.00,0,399,477,34.26,0.00,ICMPFLOOD
1899.40,8,0.00,0.00,0,352,525,194.16,0.40,ICMPFLOOD
1579.00,6,0.00,0.00,0,352,391,186.20,0.40,ICMPFLOOD
1746.00,6,0.00,0.00,0,355,454,212.19,0.40,ICMPFLOOD
1877.60,6,0.00,0.00,0,373,509,37.05,0.00,ICMPFLOOD
1606.80,6,0.00,0.00,0,326,417,155.22,0.20,ICMPFLOOD
2367.00,8,0.00,0.00,0,463,623,33.58,0.40,ICMPFLOOD
1935.80,8,0.00,0.00,0,412,487,0.04,0.00,ICMPFLOOD
1801.00,6,0.00,0.00,0,354,481,440.30,0.60,ICMPFLOOD
1950.40,6,0.00,0.00,0,396,513,0.05,0.00,ICMPFLOOD
1816.20,8,0.00,0.00,0,381,455,5.16,0.20,ICMPFLOOD
2275.80,6,0.00,0.00,0,425,625,0.05,0.00,ICMPFLOOD
2167.80,6,0.00,0.00,0,420,580,11.82,0.00,ICMPFLOOD
1958.60,7,0.00,0.00,0,389,515,135.90,0.20,ICMPFLOOD
2298.40,8,0.00,0.00,0,419,637,2.33,0.00,ICMPFLOOD
2610.80,6,0.00,0.00,0,479,725,0.06,0.20,ICMPFLOOD
1735.00,6,0.00,0.00,0,340,473,393.51,0.60,ICMPFLOOD
2562.60,6,0.00,0.00,0,476,702,0.06,0.00,ICMPFLOOD
1600.20,6,0.00,0.00,0,337,422,-1.00,1.00,ICMPFLOOD
2103.20,8,0.00,0.00,0,398,571,140.57,0.20,ICMPFLOOD
1893.60,8,0.00,0.00,0,374,499,137.64,0.60,ICMPFLOOD
2003.00,6,0.00,0.00,0,377,547,0.16,0.00,ICMPFLOOD
2497.60,6,0.00,0.00,0,443,691,126.75,0.00,ICMPFLOOD
1652.40,8,0.00,0.00,0,348,417,0.00,0.80,ICMPFLOOD
1866.40,6,0.00,0.00,0,407,464,712.66,0.80,ICMPFLOOD
1537.20,6,0.00,0.00,0,350,369,0.04,0.00,ICMPFLOOD
1731.00,8,0.00,0.00,0,353,451,-1.00,1.00,ICMPFLOOD
1833.60,8,0.00,0.00,0,352,502,25.56,0.00,ICMPFLOOD
1979.00,6,0.00,0.00,0,371,540,0.04,0.00,ICMPFLOOD
1765.40,6,0.00,0.00,0,399,426,213.20,0.40,ICMPFLOOD
2369.40,6,0.00,0.00,0,450,639,1.89,0.40,ICMPFLOOD
3.00,6,0.00,1.00,5,5,5,5.78,0.00,UDPFLOOD
3.20,9,0.00,1.00,6,5,5,0.04,0.00,UDPFLOOD
3.20,7,0.00,1.00,6,5,5,0.57,0.00,UDPFLOOD
3.20,7,0.00,1.00,6,5,5,2.79,0.00,UDPFLOOD
3.20,7,0.00,1.00,6,5,5,0.10,0.00,UDPFLOOD
3.20,7,0.00,1.00,6,5,5,0.51,0.00,UDPFLOOD
3.20,10,0.00,1.00,6,5,5,0.20,0.00,UDPFLOOD
3.20,7,0.00,1.00,6,5,5,0.11,0.00,UDPFLOOD
3.20,8,0.00,1.00,6,5,5,0.07,0.00,UDPFLOOD
3.20,8,0.00,1.00,6,5,5,0.36,0.00,UDPFLOOD
3.20,8,0.00,1.00,6,5,5,0.07,0.00,UDPFLOOD
3.20,7,0.00,1.00,6,5,5,0.32,0.00,UDPFLOOD
3.20,7,0.00,1.00,6,5,5,0.07,0.00,UDPFLOOD
3.20,10,0.00,1.00,6,5,5,0.08,0.00,UDPFLOOD
3.20,7,0.00,1.00,6,5,5,4.55,0.00,UDPFLOOD
3.20,7,0.00,1.00,6,5,5,0.17,0.00,UDPFLOOD
3.20,7,0.00,1.00,6,5,5,1.48,0.00,UDPFLOOD
3.20,7,0.00,1.00,6,5,5,0.05,0.00,UDPFLOOD
3.20,9,0.00,1.00,6,5,5,0.18,0.00,UDPFLOOD
3.20,7,0.00,1.00,6,5,5,0.10,0.00,UDPFLOOD
3.20,10,0.00,1.00,6,5,5,0.07,0.00,UDPFLOOD
3.20,7,0.00,1.00,6,5,5,0.10,0.00,UDPFLOOD
3.20,7,0.00,1.00,6,5,5,0.07,0.00,UDPFLOOD
3.20,7,0.00,1.00,6,5,5,2.04,0.00,UDPFLOOD
3.20,7,0.00,1.00,6,5,5,0.06,0.00,UDPFLOOD
3.20,8,0.00,1.00,6,5,5,0.05,0.00,UDPFLOOD
3.20,8,0.00,1.00,6,5,5,0.18,0.00,UDPFLOOD
3.20,8,0.00,1.00,6,5,5,0.09,0.00,UDPFLOOD
3.20,7,0.00,1.00,6,5,5,2.37,0.00,UDPFLOOD
3.20,10,0.00,1.00,6,5,5,1.33,0.00,UDPFLOOD
3.20,7,0.00,1.00,6,5,5,1.51,0.00,UDPFLOOD
3.20,7,0.00,1.00,6,5,5,1.58,0.00,UDPFLOOD
3.20,9,0.00,1.00,6,5,5,2.55,0.00,UDPFLOOD
3.20,7,0.00,1.00,6,5,5,3.64,0.00,UDPFLOOD
3.20,7,0.00,1.00,6,5,5,0.05,0.00,UDPFLOOD
3.20,7,0.00,1.00,6,5,5,0.12,0.00,UDPFLOOD
3.20,7,0.00,1.00,6,5,5,0.06,0.00,UDPFLOOD
3.20,10,0.00,1.00,6,5,5,3.92,0.00,UDPFLOOD
3.20,9,0.00,1.00,6,5,5,7.24,0.00,UDPFLOOD
3.20,7,0.00,1.00,6,5,5,2.13,0.00,UDPFLOOD
3.20,7,0.00,1.00,6,5,5,5.28,0.00,UDPFLOOD
3.20,7,0.00,1.00,6,5,5,0.06,0.00,UDPFLOOD
4.20,7,0.00,1.00,11,5,5,0.05,0.00,UDPFLOOD
4.60,8,0.00,1.00,13,5,5,0.06,0.00,UDPFLOOD
5.40,9,0.00,1.00,17,5,5,0.06,0.00,UDPFLOOD
7.20,9,0.00,1.00,26,5,5,0.05,0.00,UDPFLOOD
6.20,11,0.00,1.00,21,5,5,0.05,0.00,UDPFLOOD
6.20,13,0.00,1.00,21,5,5,0.58,0.00,UDPFLOOD
6.00,9,0.00,1.00,20,5,5,0.05,0.00,UDPFLOOD
6.40,10,0.00,1.00,22,5,5,0.05,0.00,UDPFLOOD
6.00,9,0.00,1.00,20,5,5,0.06,0.00,UDPFLOOD
6.80,10,0.00,1.00,24,5,5,0.04,0.00,UDPFLOOD
6.60,9,0.00,1.00,23,5,5,0.08,0.00,UDPFLOOD
6.20,9,0.00,1.00,21,5,5,0.04,0.00,UDPFLOOD
5.60,9,0.00,1.00,18,5,5,0.07,0.00,UDPFLOOD
6.40,12,0.00,1.00,22,5,5,0.30,0.00,UDPFLOOD
6.00,9,0.00,1.00,20,5,5,0.06,0.00,UDPFLOOD
6.40,9,0.00,1.00,22,5,5,0.04,0.00,UDPFLOOD
6.60,11,0.00,1.00,23,5,5,0.06,0.00,UDPFLOOD
6.20,12,0.00,1.00,21,5,5,0.07,0.00,UDPFLOOD
5.40,8,0.00,1.00,17,5,5,0.04,0.00,UDPFLOOD
5.60,8,0.00,1.00,18,5,5,0.06,0.00,UDPFLOOD
6.20,8,0.00,1.00,21,5,5,0.05,0.00,UDPFLOOD
6.00,13,0.00,1.00,20,5,5,0.05,0.00,UDPFLOOD
5.80,9,0.00,1.00,19,5,5,0.06,0.00,UDPFLOOD
5.80,10,0.00,1.00,19,5,5,0.05,0.00,UDPFLOOD
6.00,11,0.00,1.00,20,5,5,0.37,0.00,UDPFLOOD
5.60,12,0.00,1.00,18,5,5,0.05,0.00,UDPFLOOD
5.80,10,0.00,1.00,19,5,5,0.05,0.00,UDPFLOOD
6.60,9,0.00,1.00,23,5,5,0.06,0.00,UDPFLOOD
5.80,11,0.00,1.00,19,5,5,0.06,0.00,UDPFLOOD
6.60,11,0.00,1.00,23,5,5,0.03,0.00,UDPFLOOD
5.80,9,0.00,1.00,19,5,5,0.17,0.00,UDPFLOOD
6.60,9,0.00,1.00,23,5,5,0.06,0.00,UDPFLOOD
6.20,11,0.00,1.00,21,5,5,0.30,0.00,UDPFLOOD
5.60,12,0.00,1.00,18,5,5,0.29,0.00,UDPFLOOD
7.00,9,0.00,1.00,25,5,5,2.55,0.00,UDPFLOOD
7.40,11,0.00,1.00,27,5,5,0.06,0.00,UDPFLOOD
5.80,9,0.00,1.00,19,5,5,0.06,0.00,UDPFLOOD
7.20,11,0.00,1.00,26,5,5,0.06,0.00,UDPFLOOD
6.00,10,0.00,1.00,20,5,5,0.10,0.00,UDPFLOOD
3.80,11,0.00,1.00,9,5,5,1.65,0.00,UDPFLOOD
4.80,10,0.00,1.00,14,5,5,0.05,0.00,UDPFLOOD
6.00,11,0.00,1.00,20,5,5,3.29,0.00,UDPFLOOD
5.20,11,0.00,1.00,16,5,5,0.05,0.00,UDPFLOOD
6.20,12,0.00,1.00,21,5,5,0.06,0.00,UDPFLOOD
6.80,11,0.00,1.00,24,5,5,0.04,0.00,UDPFLOOD
5.80,14,0.00,1.00,19,5,5,0.06,0.00,UDPFLOOD
4.80,13,0.00,1.00,14,5,5,0.05,0.00,UDPFLOOD
5.80,12,0.00,1.00,19,5,5,0.86,0.00,UDPFLOOD
6.00,14,0.00,1.00,20,5,5,0.06,0.00,UDPFLOOD
7.60,14,0.00,1.00,28,5,5,0.04,0.00,UDPFLOOD
5.40,14,0.00,1.00,17,5,5,0.05,0.00,UDPFLOOD
5.80,12,0.00,1.00,19,5,5,0.05,0.00,UDPFLOOD
5.40,13,0.00,1.00,17,5,5,0.59,0.00,UDPFLOOD
6.00,12,0.00,1.00,20,5,5,0.06,0.00,UDPFLOOD
6.40,14,0.00,1.00,22,5,5,0.98,0.00,UDPFLOOD
6.40,13,0.00,1.00,22,5,5,0.05,0.00,UDPFLOOD
6.00,13,0.00,1.00,20,5,5,0.06,0.00,UDPFLOOD
5.80,13,0.00,1.00,19,5,5,1.25,0.00,UDPFLOOD
5.80,12,0.00,1.00,19,5,5,0.04,0.00,UDPFLOOD
4.80,12,0.00,1.00,14,5,5,0.30,0.00,UDPFLOOD
6.60,14,0.00,1.00,23,5,5,0.06,0.00,UDPFLOOD
5.20,12,0.00,1.00,16,5,5,0.11,0.00,UDPFLOOD
6.60,12,0.00,1.00,23,5,5,0.12,0.00,UDPFLOOD
7.40,14,0.00,1.00,27,5,5,2.13,0.00,UDPFLOOD
6.00,11,0.00,1.00,20,5,5,2.49,0.00,UDPFLOOD
5.80,14,0.00,1.00,19,5,5,0.05,0.00,UDPFLOOD
6.40,14,0.00,1.00,22,5,5,1.92,0.00,UDPFLOOD
5.20,12,0.00,1.00,16,5,5,0.06,0.00,UDPFLOOD
6.20,12,0.00,1.00,21,5,5,0.05,0.00,UDPFLOOD
5.60,14,0.00,1.00,18,5,5,4.55,0.00,UDPFLOOD
6.40,12,0.00,1.00,22,5,5,0.05,0.00,UDPFLOOD
5.20,15,0.00,1.00,16,5,5,0.05,0.00,UDPFLOOD
5.80,11,0.00,1.00,19,5,5,0.05,0.00,UDPFLOOD
6.00,15,0.00,1.00,20,5,5,0.08,0.00,UDPFLOOD
6.00,12,0.00,1.00,20,5,5,0.06,0.00,UDPFLOOD
6.00,12,0.00,1.00,20,5,5,1.37,0.00,UDPFLOOD
6.60,15,0.00,1.00,23,5,5,0.04,0.00,UDPFLOOD
6.80,12,0.00,1.00,24,5,5,0.05,0.00,UDPFLOOD
5.80,12,0.00,1.00,19,5,5,0.05,0.00,UDPFLOOD
5.40,14,0.00,1.00,17,5,5,0.16,0.00,UDPFLOOD
5.80,12,0.00,1.00,19,5,5,1.68,0.00,UDPFLOOD
5.20,13,0.00,1.00,16,5,5,3.52,0.00,UDPFLOOD
6.60,14,0.00,1.00,23,5,5,0.06,0.00,UDPFLOOD
5.60,12,0.00,1.00,18,5,5,0.05,0.00,UDPFLOOD
6.20,12,0.00,1.00,21,5,5,0.05,0.00,UDPFLOOD
6.40,13,0.00,1.00,22,5,5,0.85,0.00,UDPFLOOD
4.80,11,0.00,1.00,14,5,5,0.06,0.00,UDPFLOOD
5.20,13,0.00,1.00,16,5,5,1.23,0.00,UDPFLOOD
5.20,12,0.00,1.00,16,5,5,0.04,0.00,UDPFLOOD
6.40,14,0.00,1.00,22,5,5,0.06,0.00,UDPFLOOD
5.60,13,0.00,1.00,18,5,5,0.05,0.00,UDPFLOOD
6.00,12,0.00,1.00,20,5,5,0.06,0.00,UDPFLOOD
5.00,14,0.00,1.00,15,5,5,0.06,0.00,UDPFLOOD
5.40,12,0.00,1.00,17,5,5,3.89,0.00,UDPFLOOD
6.20,12,0.00,1.00,21,5,5,0.05,0.00,UDPFLOOD
5.00,13,0.00,1.00,15,5,5,0.06,0.00,UDPFLOOD
5.40,12,0.00,1.00,17,5,5,2.40,0.00,UDPFLOOD
6.40,11,0.00,1.00,22,5,5,0.05,0.00,UDPFLOOD
5.20,14,0.00,1.00,16,5,5,0.05,0.00,UDPFLOOD
5.00,14,0.00,1.00,15,5,5,0.05,0.00,UDPFLOOD
5.80,11,0.00,1.00,19,5,5,0.06,0.00,UDPFLOOD
6.00,12,0.00,1.00,20,5,5,0.06,0.00,UDPFLOOD
5.40,14,0.00,1.00,17,5,5,0.05,0.00,UDPFLOOD
6.20,11,0.00,1.00,21,5,5,0.07,0.00,UDPFLOOD
5.00,14,0.00,1.00,15,5,5,1.54,0.00,UDPFLOOD
6.00,13,0.00,1.00,20,5,5,0.07,0.00,UDPFLOOD
5.20,11,0.00,1.00,16,5,5,0.06,0.00,UDPFLOOD
5.20,13,0.00,1.00,16,5,5,0.04,0.00,UDPFLOOD
5.60,13,0.00,1.00,18,5,5,0.05,0.00,UDPFLOOD
5.20,13,0.00,1.00,16,5,5,0.05,0.00,UDPFLOOD
5.40,11,0.00,1.00,17,5,5,0.06,0.00,UDPFLOOD
6.40,14,0.00,1.00,22,5,5,2.95,0.00,UDPFLOOD
5.60,12,0.00,1.00,18,5,5,0.05,0.00,UDPFLOOD
5.60,14,0.00,1.00,18,5,5,5.47,0.00,UDPFLOOD
5.60,12,0.00,1.00,18,5,5,1.16,0.00,UDPFLOOD
4.80,14,0.00,1.00,14,5,5,0.07,0.00,UDPFLOOD
4.00,12,0.00,1.00,10,5,5,5.26,0.00,UDPFLOOD
4.80,13,0.00,1.00,14,5,5,5.89,0.00,UDPFLOOD
4.00,10,0.00,1.00,10,5,5,0.06,0.00,UDPFLOOD
6.40,13,0.00,1.00,22,5,5,0.05,0.00,UDPFLOOD
5.00,13,0.00,1.00,15,5,5,1.53,0.00,UDPFLOOD
4.60,11,0.00,1.00,13,5,5,1.69,0.00,UDPFLOOD
4.00,13,0.00,1.00,10,5,5,2.06,0.00,UDPFLOOD
4.80,14,0.00,1.00,14,5,5,2.78,0.00,UDPFLOOD
4.80,11,0.00,1.00,14,5,5,0.06,0.00,UDPFLOOD
6.00,11,0.00,1.00,20,5,5,0.05,0.00,UDPFLOOD
6.00,15,0.00,1.00,20,5,5,0.18,0.00,UDPFLOOD
4.80,11,0.00,1.00,14,5,5,1.65,0.00,UDPFLOOD
6.00,14,0.00,1.00,20,5,5,0.11,0.00,UDPFLOOD
5.60,13,0.00,1.00,18,5,5,0.05,0.00,UDPFLOOD
6.00,12,0.00,1.00,20,5,5,0.06,0.00,UDPFLOOD
5.40,14,0.00,1.00,17,5,5,0.05,0.00,UDPFLOOD
5.20,14,0.00,1.00,16,5,5,0.05,0.00,UDPFLOOD
5.40,13,0.00,1.00,17,5,5,0.05,0.00,UDPFLOOD
5.40,12,0.00,1.00,17,5,5,0.09,0.00,UDPFLOOD
6.00,13,0.00,1.00,20,5,5,8.67,0.00,UDPFLOOD
5.20,14,0.00,1.00,16,5,5,5.43,0.00,UDPFLOOD
5.80,13,0.00,1.00,19,5,5,0.06,0.00,UDPFLOOD
5.20,13,0.00,1.00,16,5,5,0.06,0.00,UDPFLOOD
5.80,12,0.00,1.00,19,5,5,1.32,0.00,UDPFLOOD
5.40,16,0.00,1.00,17,5,5,0.06,0.00,UDPFLOOD
5.40,12,0.00,1.00,17,5,5,1.60,0.00,UDPFLOOD
4.80,12,0.00,1.00,14,5,5,0.07,0.00,UDPFLOOD
5.40,12,0.00,1.00,17,5,5,2.19,0.00,UDPFLOOD
5.20,13,0.00,1.00,16,5,5,2.13,0.00,UDPFLOOD
5.80,14,0.00,1.00,19,5,5,4.77,0.00,UDPFLOOD
5.20,14,0.00,1.00,16,5,5,0.05,0.00,UDPFLOOD
5.80,11,0.00,1.00,19,5,5,2.71,0.00,UDPFLOOD
5.00,12,0.00,1.00,15,5,5,0.06,0.00,UDPFLOOD
5.40,14,0.00,1.00,17,5,5,0.06,0.00,UDPFLOOD
5.60,14,0.00,1.00,18,5,5,0.09,0.00,UDPFLOOD
6.00,12,0.00,1.00,20,5,5,2.06,0.00,UDPFLOOD
5.20,12,0.00,1.00,16,5,5,0.06,0.00,UDPFLOOD
5.20,13,0.00,1.00,16,5,5,0.05,0.00,UDPFLOOD
5.40,15,0.00,1.00,17,5,5,0.07,0.00,UDPFLOOD
6.20,13,0.00,1.00,21,5,5,6.84,0.00,UDPFLOOD
6.20,12,0.00,1.00,21,5,5,4.81,0.00,UDPFLOOD
5.40,13,0.00,1.00,17,5,5,0.07,0.00,UDPFLOOD
5.40,12,0.00,1.00,17,5,5,0.08,0.00,UDPFLOOD
6.00,15,0.00,1.00,20,5,5,0.08,0.00,UDPFLOOD
5.60,12,0.00,1.00,18,5,5,0.06,0.00,UDPFLOOD
5.40,13,0.00,1.00,17,5,5,0.05,0.00,UDPFLOOD
5.20,12,0.00,1.00,16,5,5,0.07,0.00,UDPFLOOD
5.20,11,0.00,1.00,16,5,5,8.05,0.00,UDPFLOOD
4.80,12,0.00,1.00,14,5,5,1.92,0.00,UDPFLOOD
5.60,14,0.00,1.00,18,5,5,10.14,0.00,UDPFLOOD
5.60,14,0.00,1.00,18,5,5,0.06,0.00,UDPFLOOD
5.40,11,0.00,1.00,17,5,5,2.66,0.00,UDPFLOOD
5.40,14,0.00,1.00,17,5,5,2.08,0.00,UDPFLOOD
5.20,11,0.00,1.00,16,5,5,2.21,0.00,UDPFLOOD
5.80,12,0.00,1.00,19,5,5,2.05,0.00,UDPFLOOD
5.80,15,0.00,1.00,19,5,5,0.06,0.00,UDPFLOOD
5.80,12,0.00,1.00,19,5,5,0.05,0.00,UDPFLOOD
5.60,13,0.00,1.00,18,5,5,1.04,0.00,UDPFLOOD
6.00,13,0.00,1.00,20,5,5,0.06,0.00,UDPFLOOD
5.20,13,0.00,1.00,16,5,5,3.01,0.00,UDPFLOOD
5.60,13,0.00,1.00,18,5,5,0.06,0.00,UDPFLOOD
5.60,12,0.00,1.00,18,5,5,2.66,0.00,UDPFLOOD
6.40,12,0.00,1.00,22,5,5,0.06,0.00,UDPFLOOD
5.80,14,0.00,1.00,19,5,5,7.40,0.00,UDPFLOOD
5.40,11,0.00,1.00,17,5,5,0.06,0.00,UDPFLOOD
5.40,14,0.00,1.00,17,5,5,15.09,0.00,UDPFLOOD
6.40,14,0.00,1.00,22,5,5,1.43,0.00,UDPFLOOD
5.80,12,0.00,1.00,19,5,5,0.06,0.00,UDPFLOOD
5.60,12,0.00,1.00,18,5,5,0.06,0.00,UDPFLOOD
5.20,12,0.00,1.00,16,5,5,0.05,0.00,UDPFLOOD
5.60,14,0.00,1.00,18,5,5,0.06,0.00,UDPFLOOD
6.40,14,0.00,1.00,22,5,5,0.07,0.00,UDPFLOOD
5.40,12,0.00,1.00,17,5,5,2.85,0.00,UDPFLOOD
5.40,14,0.00,1.00,17,5,5,0.04,0.00,UDPFLOOD
5.60,13,0.00,1.00,18,5,5,0.05,0.00,UDPFLOOD
5.00,11,0.00,1.00,15,5,5,0.06,0.00,UDPFLOOD
6.20,15,0.00,1.00,21,5,5,0.06,0.00,UDPFLOOD
5.60,12,0.00,1.00,18,5,5,0.04,0.00,UDPFLOOD
5.20,11,0.00,1.00,16,5,5,5.37,0.00,UDPFLOOD
6.20,11,0.00,1.00,21,5,5,0.05,0.00,UDPFLOOD
5.80,14,0.00,1.00,19,5,5,0.06,0.00,UDPFLOOD
5.40,11,0.00,1.00,17,5,5,7.15,0.00,UDPFLOOD
5.60,14,0.00,1.00,18,5,5,0.05,0.00,UDPFLOOD
5.40,14,0.00,1.00,17,5,5,0.08,0.00,UDPFLOOD
5.60,11,0.00,1.00,18,5,5,5.30,0.00,UDPFLOOD
5.20,12,0.00,1.00,16,5,5,2.10,0.00,UDPFLOOD
5.40,12,0.00,1.00,17,5,5,1.48,0.00,UDPFLOOD
6.00,13,0.00,1.00,20,5,5,0.07,0.00,UDPFLOOD
5.00,14,0.00,1.00,15,5,5,0.05,0.00,UDPFLOOD
5.60,12,0.00,1.00,18,5,5,5.56,0.00,UDPFLOOD
5.20,14,0.00,1.00,16,5,5,1.68,0.00,UDPFLOOD
5.60,12,0.00,1.00,18,5,5,21.98,0.00,UDPFLOOD
5.80,11,0.00,1.00,19,5,5,0.06,0.00,UDPFLOOD
6.00,13,0.00,1.00,20,5,5,0.06,0.00,UDPFLOOD
6.20,14,0.00,1.00,21,5,5,4.55,0.00,UDPFLOOD
5.60,11,0.00,1.00,18,5,5,0.06,0.00,UDPFLOOD
5.20,14,0.00,1.00,16,5,5,0.40,0.00,UDPFLOOD
5.20,12,0.00,1.00,16,5,5,0.07,0.00,UDPFLOOD
5.00,13,0.00,1.00,15,5,5,5.63,0.00,UDPFLOOD
6.00,12,0.00,1.00,20,5,5,0.07,0.00,UDPFLOOD
6.20,13,0.00,1.00,21,5,5,0.07,0.00,UDPFLOOD
5.00,14,0.00,1.00,15,5,5,2.22,0.00,UDPFLOOD
6.00,12,0.00,1.00,20,5,5,6.82,0.00,UDPFLOOD
5.20,13,0.00,1.00,16,5,5,2.54,0.00,UDPFLOOD
6.00,12,0.00,1.00,20,5,5,5.23,0.00,UDPFLOOD
5.60,14,0.00,1.00,18,5,5,0.07,0.00,UDPFLOOD
5.80,13,0.00,1.00,19,5,5,0.04,0.00,UDPFLOOD
5.40,14,0.00,1.00,17,5,5,10.29,0.00,UDPFLOOD
5.20,12,0.00,1.00,16,5,5,0.07,0.00,UDPFLOOD
5.80,12,0.00,1.00,19,5,5,0.07,0.00,UDPFLOOD
5.80,15,0.00,1.00,19,5,5,0.08,0.00,UDPFLOOD
5.20,12,0.00,1.00,16,5,5,0.07,0.00,UDPFLOOD
6.00,14,0.00,1.00,20,5,5,0.06,0.00,UDPFLOOD
6.00,12,0.00,1.00,20,5,5,0.07,0.00,UDPFLOOD
5.40,14,0.00,1.00,17,5,5,0.06,0.00,UDPFLOOD
5.60,12,0.00,1.00,18,5,5,0.05,0.00,UDPFLOOD
6.40,13,0.00,1.00,22,5,5,0.07,0.00,UDPFLOOD
5.20,13,0.00,1.00,16,5,5,1.99,0.00,UDPFLOOD
5.40,12,0.00,1.00,17,5,5,0.05,0.00,UDPFLOOD
5.60,14,0.00,1.00,18,5,5,0.07,0.00,UDPFLOOD
5.40,11,0.00,1.00,17,5,5,0.06,0.00,UDPFLOOD
5.80,14,0.00,1.00,19,5,5,0.06,0.00,UDPFLOOD
5.00,13,0.00,1.00,15,5,5,7.24,0.00,UDPFLOOD
4.60,13,0.00,1.00,13,5,5,1.45,0.00,UDPFLOOD
5.00,13,0.00,1.00,15,5,5,2.43,0.00,UDPFLOOD
6.00,14,0.00,1.00,20,5,5,0.06,0.00,UDPFLOOD
4.80,12,0.00,1.00,14,5,5,2.65,0.00,UDPFLOOD
5.20,14,0.00,1.00,16,5,5,0.06,0.00,UDPFLOOD
5.20,12,0.00,1.00,16,5,5,3.69,0.00,UDPFLOOD
6.00,11,0.00,1.00,20,5,5,1.52,0.00,UDPFLOOD
5.20,14,0.00,1.00,16,5,5,5.06,0.00,UDPFLOOD
5.00,11,0.00,1.00,15,5,5,5.60,0.00,UDPFLOOD
6.40,14,0.00,1.00,22,5,5,0.06,0.00,UDPFLOOD
5.20,13,0.00,1.00,16,5,5,1.63,0.00,UDPFLOOD
5.40,12,0.00,1.00,17,5,5,3.17,0.00,UDPFLOOD
5.40,14,0.00,1.00,17,5,5,0.05,0.00,UDPFLOOD
5.00,14,0.00,1.00,15,5,5,0.07,0.00,UDPFLOOD
6.20,12,0.00,1.00,21,5,5,0.08,0.00,UDPFLOOD
6.20,12,0.00,1.00,21,5,5,0.08,0.00,UDPFLOOD
6.00,14,0.00,1.00,20,5,5,0.06,0.00,UDPFLOOD
5.20,12,0.00,1.00,16,5,5,0.07,0.00,UDPFLOOD
5.40,15,0.00,1.00,17,5,5,2.22,0.00,UDPFLOOD
4.60,11,0.00,1.00,13,5,5,13.37,0.00,UDPFLOOD
5.00,13,0.00,1.00,15,5,5,6.20,0.00,UDPFLOOD
7.00,11,0.00,1.00,25,5,5,0.06,0.00,UDPFLOOD
5.40,14,0.00,1.00,17,5,5,3.77,0.00,UDPFLOOD
5.00,14,0.00,1.00,15,5,5,0.06,0.00,UDPFLOOD
5.20,11,0.00,1.00,16,5,5,0.06,0.00,UDPFLOOD
5.60,12,0.00,1.00,18,5,5,4.12,0.00,UDPFLOOD
6.20,12,0.00,1.00,21,5,5,2.30,0.00,UDPFLOOD
5.40,14,0.00,1.00,17,5,5,0.07,0.00,UDPFLOOD
5.00,14,0.00,1.00,15,5,5,1.77,0.00,UDPFLOOD
5.60,12,0.00,1.00,18,5,5,0.06,0.00,UDPFLOOD
5.40,12,0.00,1.00,17,5,5,3.07,0.00,UDPFLOOD
5.60,12,0.00,1.00,18,5,5,0.06,0.00,UDPFLOOD
5.40,12,0.00,1.00,17,5,5,1.49,0.00,UDPFLOOD
5.40,15,0.00,1.00,17,5,5,5.18,0.00,UDPFLOOD
5.60,13,0.00,1.00,18,5,5,0.05,0.00,UDPFLOOD
5.00,13,0.00,1.00,15,5,5,0.06,0.00,UDPFLOOD
6.40,12,0.00,1.00,22,5,5,0.06,0.00,UDPFLOOD
5.20,12,0.00,1.00,16,5,5,0.07,0.00,UDPFLOOD
5.60,12,0.00,1.00,18,5,5,0.06,0.00,UDPFLOOD
5.00,14,0.00,1.00,15,5,5,0.06,0.00,UDPFLOOD
6.20,12,0.00,1.00,21,5,5,0.06,0.00,UDPFLOOD
5.80,12,0.00,1.00,19,5,5,0.06,0.00,UDPFLOOD
5.60,12,0.00,1.00,18,5,5,0.07,0.00,UDPFLOOD
5.60,11,0.00,1.00,18,5,5,0.06,0.00,UDPFLOOD
5.20,15,0.00,1.00,16,5,5,0.06,0.00,UDPFLOOD
5.40,14,0.00,1.00,17,5,5,5.19,0.00,UDPFLOOD
6.00,12,0.00,1.00,20,5,5,2.42,0.00,UDPFLOOD
5.60,12,0.00,1.00,18,5,5,0.07,0.00,UDPFLOOD
5.80,11,0.00,1.00,19,5,5,0.06,0.00,UDPFLOOD
5.60,13,0.00,1.00,18,5,5,1.02,0.00,UDPFLOOD
5.20,15,0.00,1.00,16,5,5,0.06,0.00,UDPFLOOD
5.00,12,0.00,1.00,15,5,5,0.06,0.00,UDPFLOOD
6.00,12,0.00,1.00,20,5,5,2.57,0.00,UDPFLOOD
5.80,13,0.00,1.00,19,5,5,1.65,0.00,UDPFLOOD
7.00,12,0.00,1.00,25,5,5,0.09,0.00,UDPFLOOD
5.00,11,0.00,1.00,15,5,5,0.86,0.00,UDPFLOOD
5.60,15,0.00,1.00,18,5,5,1.35,0.00,UDPFLOOD
5.20,11,0.00,1.00,16,5,5,0.07,0.00,UDPFLOOD
6.00,12,0.00,1.00,20,5,5,0.07,0.00,UDPFLOOD
5.00,11,0.00,1.00,15,5,5,0.05,0.00,UDPFLOOD
5.60,12,0.00,1.00,18,5,5,2.23,0.00,UDPFLOOD
